pop1	pop2	fst	gst	Gst	GGst	D	lat1	lon1	lat2	lon2	geog_dist	lat_dist	block1	block2	same_block
X01b	X01u	-0.0097	0.038	0.0479	0.0828	2e-04	-23.943611	132.786389	-23.943611	132.786667	28.2993052965283	0	X01	X01	1
X01b	X02b	8e-04	-0.0443	-0.048	-0.0966	-4e-04	-23.943611	132.786389	-23.938056	132.873889	8928.56949463461	0.00555500000000109	X01	X02	0
X01b	X02u	0.0215	-0.0191	-0.0207	-0.0406	-1e-04	-23.943611	132.786389	-23.937778	132.874167	8958.97960506225	0.00583299999999909	X01	X02	0
X01b	X03b	0.648	0.5287	0.7194	0.8164	0.2603	-23.943611	132.786389	-23.940556	132.978056	19514.1077745664	0.00305499999999981	X01	X03	0
X01b	X03u	0.9456	0.8879	0.9646	0.9812	0.4696	-23.943611	132.786389	-23.940278	132.977778	19486.392253299	0.00333300000000136	X01	X03	0
X01b	X05b	0.9327	0.8671	0.9553	0.976	0.4473	-23.943611	132.786389	-23.965	133.153333	37425.4168518437	-0.0213889999999992	X01	X05	0
X01b	X05u	0.9215	0.8513	0.9487	0.9723	0.439	-23.943611	132.786389	-23.966389	133.153333	37435.2701732673	-0.0227779999999989	X01	X05	0
X01b	X06b	0.916	0.8404	0.9425	0.9688	0.4248	-23.943611	132.786389	-23.9575	133.245833	46792.3587771346	-0.0138889999999989	X01	X06	0
X01b	X06u	0.0031	-0.0399	-0.0434	-0.0868	-3e-04	-23.943611	132.786389	-23.956944	133.245556	46762.2929842121	-0.0133329999999994	X01	X06	0
X01b	X07b	0.8896	0.7768	0.8965	0.9417	0.2812	-23.943611	132.786389	-23.907778	133.330833	55571.7688280037	0.0358330000000002	X01	X07	0
X01b	X07u	0.0065	-0.0229	-0.0255	-0.0496	-1e-04	-23.943611	132.786389	-23.907778	133.330833	55571.7688280037	0.0358330000000002	X01	X07	0
X01b	X08b	0.9055	0.8128	0.9183	0.9549	0.311	-23.943611	132.786389	-23.846111	133.454167	68854.6912432589	0.0975000000000001	X01	X08	0
X01b	X08u	-0.0449	0.0288	0.038	0.0649	2e-04	-23.943611	132.786389	-23.845833	133.453611	68803.6840437794	0.0977780000000017	X01	X08	0
X01b	X10b	0.0075	-0.0443	-0.0477	-0.0962	-3e-04	-23.943611	132.786389	-23.768056	133.626111	87720.0113051251	0.175554999999999	X01	X10	0
X01b	X10u	-0.0228	0.0422	0.0572	0.0954	8e-04	-23.943611	132.786389	-23.768333	133.626389	87740.7438244859	0.175278000000002	X01	X10	0
X01b	X11b1	0.7864	0.6607	0.8287	0.8969	0.2845	-23.943611	132.786389	-23.916858	132.735055	6007.69524165218	0.0267529999999994	X01	X11	0
X01b	X11b2	0.5709	0.4364	0.6035	0.724	0.1359	-23.943611	132.786389	-23.916858	132.735055	6007.69524165218	0.0267529999999994	X01	X11	0
X01b	X11b3	0.6773	0.5252	0.6831	0.7922	0.1395	-23.943611	132.786389	-23.916858	132.735055	6007.69524165218	0.0267529999999994	X01	X11	0
X01u	X02b	0.0349	0.0449	0.0565	0.097	4e-04	-23.943611	132.786667	-23.938056	132.873889	8900.33706857503	0.00555500000000109	X01	X02	0
X01u	X02u	-0.135	0.0266	0.034	0.059	1e-04	-23.943611	132.786667	-23.937778	132.874167	8930.75357550473	0.00583299999999909	X01	X02	0
X01u	X03b	0.4909	0.4006	0.6443	0.746	0.2366	-23.943611	132.786667	-23.940556	132.978056	19485.8124033843	0.00305499999999981	X01	X03	0
X01u	X03u	0.8451	0.7408	0.918	0.9529	0.4518	-23.943611	132.786667	-23.940278	132.977778	19458.0976770329	0.00333300000000136	X01	X03	0
X01u	X05b	0.8226	0.7149	0.9039	0.944	0.4279	-23.943611	132.786667	-23.965	133.153333	37397.1766930986	-0.0213889999999992	X01	X05	0
X01u	X05u	0.7978	0.7	0.8963	0.939	0.4175	-23.943611	132.786667	-23.966389	133.153333	37407.0377557762	-0.0227779999999989	X01	X05	0
X01u	X06b	0.7982	0.6867	0.8876	0.9334	0.4047	-23.943611	132.786667	-23.9575	133.245833	46764.0763294297	-0.0138889999999989	X01	X06	0
X01u	X06u	-0.0676	0.0297	0.0378	0.0655	1e-04	-23.943611	132.786667	-23.956944	133.245556	46734.0092928258	-0.0133329999999994	X01	X06	0
X01u	X07b	0.525	0.4473	0.6405	0.7516	0.1791	-23.943611	132.786667	-23.907778	133.330833	55543.5379771198	0.0358330000000002	X01	X07	0
X01u	X07u	0.0183	0.0399	0.0517	0.0882	2e-04	-23.943611	132.786667	-23.907778	133.330833	55543.5379771198	0.0358330000000002	X01	X07	0
X01u	X08b	0.6272	0.4939	0.685	0.7891	0.2116	-23.943611	132.786667	-23.846111	133.454167	68826.7318798593	0.0975000000000001	X01	X08	0
X01u	X08u	-0.0557	0.0295	0.0456	0.0729	4e-04	-23.943611	132.786667	-23.845833	133.453611	68775.7271907129	0.0977780000000017	X01	X08	0
X01u	X10b	0.0324	0.0453	0.0569	0.0978	4e-04	-23.943611	132.786667	-23.768056	133.626111	87692.3976842051	0.175554999999999	X01	X10	0
X01u	X10u	-0.0557	0.0343	0.0545	0.0858	6e-04	-23.943611	132.786667	-23.768333	133.626389	87713.1276466326	0.175278000000002	X01	X10	0
X01u	X11b1	0.6054	0.5096	0.752	0.8357	0.2564	-23.943611	132.786667	-23.916858	132.735055	6032.33169928647	0.0267529999999994	X01	X11	0
X01u	X11b2	0.3887	0.3182	0.5197	0.6357	0.1178	-23.943611	132.786667	-23.916858	132.735055	6032.33169928647	0.0267529999999994	X01	X11	0
X01u	X11b3	0.4555	0.3795	0.584	0.6985	0.1208	-23.943611	132.786667	-23.916858	132.735055	6032.33169928647	0.0267529999999994	X01	X11	0
X02b	X02u	0.0294	-0.0143	-0.0155	-0.0302	0	-23.938056	132.873889	-23.937778	132.874167	41.8207850449024	0.000277999999998002	X02	X02	1
X02b	X03b	0.6777	0.5315	0.7211	0.8179	0.261	-23.938056	132.873889	-23.940556	132.978056	10607.756427568	-0.00250000000000128	X02	X03	0
X02b	X03u	0.944	0.886	0.9638	0.9808	0.469	-23.938056	132.873889	-23.940278	132.977778	10578.7160851932	-0.00222199999999972	X02	X03	0
X02b	X05b	0.9324	0.8655	0.9545	0.9756	0.4467	-23.938056	132.873889	-23.965	133.153333	28600.6752156853	-0.0269440000000003	X02	X05	0
X02b	X05u	0.9226	0.8498	0.9479	0.9718	0.4384	-23.938056	132.873889	-23.966389	133.153333	28616.9850333129	-0.0283329999999999	X02	X05	0
X02b	X06b	0.9177	0.8395	0.942	0.9685	0.4242	-23.938056	132.873889	-23.9575	133.245833	37922.4059744643	-0.019444	X02	X06	0
X02b	X06u	0.0067	-0.035	-0.0381	-0.0758	-2e-04	-23.938056	132.873889	-23.956944	133.245556	37890.8860551234	-0.0188880000000005	X02	X06	0
X02b	X07b	0.8931	0.7769	0.8966	0.9418	0.2826	-23.938056	132.873889	-23.907778	133.330833	46643.2036097135	0.0302779999999991	X02	X07	0
X02b	X07u	0.0158	-0.0164	-0.0183	-0.0353	-1e-04	-23.938056	132.873889	-23.907778	133.330833	46643.2036097135	0.0302779999999991	X02	X07	0
X02b	X08b	0.9069	0.8129	0.9184	0.955	0.3123	-23.938056	132.873889	-23.846111	133.454167	59964.4371047103	0.0919449999999991	X02	X08	0
X02b	X08u	-0.0019	0.0349	0.046	0.0782	5e-04	-23.938056	132.873889	-23.845833	133.453611	59913.9430440686	0.0922230000000006	X02	X08	0
X02b	X10b	0.0036	-0.0398	-0.0429	-0.0861	-3e-04	-23.938056	132.873889	-23.768056	133.626111	78905.8057253027	0.169999999999998	X02	X10	0
X02b	X10u	0.0242	0.0488	0.066	0.1094	0.0013	-23.938056	132.873889	-23.768333	133.626389	78925.9153933489	0.169723000000001	X02	X10	0
X02b	X11b1	0.8047	0.6618	0.8291	0.8972	0.2849	-23.938056	132.873889	-23.916858	132.735055	14328.1805387209	0.0211979999999983	X02	X11	0
X02b	X11b2	0.608	0.44	0.6065	0.7268	0.1374	-23.938056	132.873889	-23.916858	132.735055	14328.1805387209	0.0211979999999983	X02	X11	0
X02b	X11b3	0.7056	0.5273	0.6846	0.7935	0.141	-23.938056	132.873889	-23.916858	132.735055	14328.1805387209	0.0211979999999983	X02	X11	0
X02u	X03b	0.5665	0.5038	0.6995	0.8002	0.2497	-23.937778	132.874167	-23.940556	132.978056	10580.32782021	-0.00277799999999928	X02	X03	0
X02u	X03u	0.9385	0.8783	0.9608	0.9791	0.4614	-23.937778	132.874167	-23.940278	132.977778	10551.1979177079	-0.00249999999999773	X02	X03	0
X02u	X05b	0.9235	0.8565	0.9508	0.9735	0.439	-23.937778	132.874167	-23.965	133.153333	28575.7948572671	-0.0272219999999983	X02	X05	0
X02u	X05u	0.9072	0.8394	0.9434	0.9693	0.4292	-23.937778	132.874167	-23.966389	133.153333	28592.2848398262	-0.0286109999999979	X02	X05	0
X02u	X06b	0.9031	0.8287	0.9372	0.9656	0.4162	-23.937778	132.874167	-23.9575	133.245833	37895.9560944769	-0.019721999999998	X02	X06	0
X02u	X06u	-0.018	-0.0188	-0.0205	-0.0401	NA	-23.937778	132.874167	-23.956944	133.245556	37864.3849719611	-0.0191659999999985	X02	X06	0
X02u	X07b	0.8687	0.7672	0.8919	0.9388	0.2776	-23.937778	132.874167	-23.907778	133.330833	46612.8178009885	0.0300000000000011	X02	X07	0
X02u	X07u	-0.0131	-0.0126	-0.0141	-0.027	0	-23.937778	132.874167	-23.907778	133.330833	46612.8178009885	0.0300000000000011	X02	X07	0
X02u	X08b	0.8945	0.8051	0.915	0.9529	0.3098	-23.937778	132.874167	-23.846111	133.454167	59931.3765463701	0.0916670000000011	X02	X08	0
X02u	X08u	-0.1816	0.0104	0.014	0.0241	0	-23.937778	132.874167	-23.845833	133.453611	59880.865365504	0.0919450000000026	X02	X08	0
X02u	X10b	0.0391	-0.012	-0.013	-0.0253	0	-23.937778	132.874167	-23.768056	133.626111	78871.0405095909	0.169722	X02	X10	0
X02u	X10u	-0.1901	0.0202	0.028	0.0472	1e-04	-23.937778	132.874167	-23.768333	133.626389	78891.1609651589	0.169445000000003	X02	X10	0
X02u	X11b1	0.7325	0.6441	0.8177	0.8891	0.2746	-23.937778	132.874167	-23.916858	132.735055	14351.1131098355	0.0209200000000003	X02	X11	0
X02u	X11b2	0.4692	0.4151	0.5834	0.7056	0.1255	-23.937778	132.874167	-23.916858	132.735055	14351.1131098355	0.0209200000000003	X02	X11	0
X02u	X11b3	0.5967	0.5064	0.6669	0.7788	NA	-23.937778	132.874167	-23.916858	132.735055	14351.1131098355	0.0209200000000003	X02	X11	0
X03b	X03u	0.0481	0.0687	0.0959	0.154	0.0022	-23.940556	132.978056	-23.940278	132.977778	41.8204235182736	0.000278000000001555	X03	X03	1
X03b	X05b	0.0325	0.0643	0.0905	0.1455	0.0015	-23.940556	132.978056	-23.965	133.153333	18045.4939514618	-0.024443999999999	X03	X05	0
X03b	X05u	-0.0584	0.0451	0.0647	0.1051	6e-04	-23.940556	132.978056	-23.966389	133.153333	18069.1206965073	-0.0258329999999987	X03	X05	0
X03b	X06b	-0.0053	0.0455	0.0651	0.1059	7e-04	-23.940556	132.978056	-23.9575	133.245833	27322.0298137638	-0.0169439999999987	X03	X06	0
X03b	X06u	0.6066	0.5153	0.7088	0.8078	0.2543	-23.940556	132.978056	-23.956944	133.245556	27289.793338984	-0.0163879999999992	X03	X06	0
X03b	X07b	0.6837	0.6069	0.858	0.9117	0.4031	-23.940556	132.978056	-23.907778	133.330833	36099.6895164403	0.0327780000000004	X03	X07	0
X03b	X07u	0.6402	0.4931	0.6884	0.7913	0.2473	-23.940556	132.978056	-23.907778	133.330833	36099.6895164403	0.0327780000000004	X03	X07	0
X03b	X08b	0.7576	0.6458	0.8783	0.926	0.4313	-23.940556	132.978056	-23.846111	133.454167	49600.5147956005	0.0944450000000003	X03	X08	0
X03b	X08u	0.3642	0.2668	0.4446	0.5616	0.1603	-23.940556	132.978056	-23.845833	133.453611	49551.7296147564	0.0947230000000019	X03	X08	0
X03b	X10b	0.6801	0.536	0.7248	0.8208	0.2626	-23.940556	132.978056	-23.768056	133.626111	68723.7558695763	0.172499999999999	X03	X10	0
X03b	X10u	0.3156	0.2364	0.4046	0.5185	0.1419	-23.940556	132.978056	-23.768333	133.626389	68742.3721400383	0.172223000000002	X03	X10	0
X03b	X11b1	-0.2512	-0.0043	-0.0069	-0.0112	-1e-04	-23.940556	132.978056	-23.916858	132.735055	24878.2273998096	0.0236979999999996	X03	X11	0
X03b	X11b2	-0.1177	0.0293	0.0517	0.0787	3e-04	-23.940556	132.978056	-23.916858	132.735055	24878.2273998096	0.0236979999999996	X03	X11	0
X03b	X11b3	-0.0777	0.074	0.1238	0.1842	NA	-23.940556	132.978056	-23.916858	132.735055	24878.2273998096	0.0236979999999996	X03	X11	0
X03u	X05b	0.0125	-0.0153	-0.0169	-0.0328	-1e-04	-23.940278	132.977778	-23.965	133.153333	18078.1283657634	-0.0247220000000006	X03	X05	0
X03u	X05u	0.0328	0.0083	0.0092	0.0174	0	-23.940278	132.977778	-23.966389	133.153333	18101.9738970553	-0.0261110000000002	X03	X05	0
X03u	X06b	0.0124	-0.0081	-0.0091	-0.0174	0	-23.940278	132.977778	-23.9575	133.245833	27352.4203044174	-0.0172220000000003	X03	X06	0
X03u	X06u	0.941	0.8802	0.9617	0.9797	0.4649	-23.940278	132.977778	-23.956944	133.245556	27320.1211402256	-0.0166660000000007	X03	X06	0
X03u	X07b	0.9082	0.8066	0.9388	0.9661	0.4547	-23.940278	132.977778	-23.907778	133.330833	36124.80687939	0.0324999999999989	X03	X07	0
X03u	X07u	0.9205	0.8449	0.9475	0.9715	0.4527	-23.940278	132.977778	-23.907778	133.330833	36124.80687939	0.0324999999999989	X03	X07	0
X03u	X08b	0.9147	0.8287	0.9465	0.9708	0.4652	-23.940278	132.977778	-23.846111	133.454167	49621.758615573	0.0941669999999988	X03	X08	0
X03u	X08u	0.7178	0.584	0.7907	0.8679	0.3476	-23.940278	132.977778	-23.845833	133.453611	49572.9428224062	0.0944450000000003	X03	X08	0
X03u	X10b	0.9469	0.8915	0.9658	0.9819	0.4714	-23.940278	132.977778	-23.768056	133.626111	68742.4763425548	0.172221999999998	X03	X10	0
X03u	X10u	0.6852	0.5436	0.7565	0.8423	0.3291	-23.940278	132.977778	-23.768333	133.626389	68761.1129457186	0.171945000000001	X03	X10	0
X03u	X11b1	0.1845	0.1237	0.157	0.2498	0.0031	-23.940278	132.977778	-23.916858	132.735055	24846.8760020872	0.023419999999998	X03	X11	0
X03u	X11b2	0.3789	0.2523	0.3581	0.4874	0.0416	-23.940278	132.977778	-23.916858	132.735055	24846.8760020872	0.023419999999998	X03	X11	0
X03u	X11b3	0.5183	0.3442	0.455	0.5946	0.0404	-23.940278	132.977778	-23.916858	132.735055	24846.8760020872	0.023419999999998	X03	X11	0
X05b	X05u	0.0189	0.0084	0.0095	0.0177	0	-23.965	133.153333	-23.966389	133.153333	153.842478552072	-0.00138899999999964	X05	X05	1
X05b	X06b	0.005	0.0036	0.0041	0.0077	0	-23.965	133.153333	-23.9575	133.245833	9451.43005246337	0.00750000000000028	X05	X06	0
X05b	X06u	0.9264	0.8587	0.9519	0.9741	0.4421	-23.965	133.153333	-23.956944	133.245556	9428.9938585828	0.00805599999999984	X05	X06	0
X05b	X07b	0.8941	0.7913	0.9335	0.9629	0.4533	-23.965	133.153333	-23.907778	133.330833	19149.0196420717	0.0572219999999994	X05	X07	0
X05b	X07u	0.9084	0.8246	0.937	0.9654	0.4308	-23.965	133.153333	-23.907778	133.330833	19149.0196420717	0.0572219999999994	X05	X07	0
X05b	X08b	0.9059	0.8159	0.9423	0.9682	0.4655	-23.965	133.153333	-23.846111	133.454167	33342.931902255	0.118888999999999	X05	X08	0
X05b	X08u	0.7037	0.5662	0.774	0.8557	0.329	-23.965	133.153333	-23.845833	133.453611	33303.1467992084	0.119167000000001	X05	X08	0
X05b	X10b	0.9354	0.8711	0.9568	0.9769	0.4492	-23.965	133.153333	-23.768056	133.626111	52865.3263761712	0.196943999999998	X05	X10	0
X05b	X10u	0.6703	0.5265	0.7393	0.8292	0.3115	-23.965	133.153333	-23.768333	133.626389	52878.4293936569	0.196667000000001	X05	X10	0
X05b	X11b1	0.1601	0.1133	0.1457	0.2327	0.0025	-23.965	133.153333	-23.916858	132.735055	42912.4727630744	0.0481419999999986	X05	X11	0
X05b	X11b2	0.3584	0.2374	0.3403	0.4669	0.037	-23.965	133.153333	-23.916858	132.735055	42912.4727630744	0.0481419999999986	X05	X11	0
X05b	X11b3	0.4906	0.3241	0.4339	0.5724	0.0367	-23.965	133.153333	-23.916858	132.735055	42912.4727630744	0.0481419999999986	X05	X11	0
X05u	X06b	-0.0066	0.0018	0.0021	0.0039	0	-23.966389	133.153333	-23.9575	133.245833	9466.14157407024	0.00888899999999992	X05	X06	0
X05u	X06u	0.9126	0.8422	0.9449	0.9701	0.4331	-23.966389	133.153333	-23.956944	133.245556	9444.74376298466	0.00944499999999948	X05	X06	0
X05u	X07b	0.8753	0.7782	0.9286	0.9598	0.446	-23.966389	133.153333	-23.907778	133.330833	19200.394688237	0.0586109999999991	X05	X07	0
X05u	X07u	0.8948	0.8078	0.9292	0.9608	0.422	-23.966389	133.153333	-23.907778	133.330833	19200.394688237	0.0586109999999991	X05	X07	0
X05u	X08b	0.8926	0.8029	0.9378	0.9655	0.4605	-23.966389	133.153333	-23.846111	133.454167	33403.8360249944	0.120277999999999	X05	X08	0
X05u	X08u	0.6585	0.5449	0.7581	0.8434	0.3181	-23.966389	133.153333	-23.845833	133.453611	33364.2660767216	0.120556000000001	X05	X08	0
X05u	X10b	0.926	0.8555	0.9503	0.9732	0.4407	-23.966389	133.153333	-23.768056	133.626111	52928.7547748242	0.198332999999998	X05	X10	0
X05u	X10u	0.6169	0.5049	0.7223	0.8154	0.3004	-23.966389	133.153333	-23.768333	133.626389	52941.7526683971	0.198056000000001	X05	X10	0
X05u	X11b1	0.0605	0.0934	0.122	0.197	0.0016	-23.966389	133.153333	-23.916858	132.735055	42931.6336918629	0.0495309999999982	X05	X11	0
X05u	X11b2	0.2684	0.2139	0.3122	0.4334	0.0308	-23.966389	133.153333	-23.916858	132.735055	42931.6336918629	0.0495309999999982	X05	X11	0
X05u	X11b3	0.4031	0.298	0.4059	0.5423	0.0319	-23.966389	133.153333	-23.916858	132.735055	42931.6336918629	0.0495309999999982	X05	X11	0
X06b	X06u	0.9076	0.8315	0.9387	0.9665	0.4193	-23.9575	133.245833	-23.956944	133.245556	67.7287247029565	0.000555999999999557	X06	X06	1
X06b	X07b	0.8767	0.7733	0.928	0.9594	0.4539	-23.9575	133.245833	-23.907778	133.330833	10257.1490500708	0.0497219999999992	X06	X07	0
X06b	X07u	0.8927	0.7985	0.9229	0.9571	0.4087	-23.9575	133.245833	-23.907778	133.330833	10257.1490500708	0.0497219999999992	X06	X07	0
X06b	X08b	0.8941	0.8001	0.9379	0.9655	0.4689	-23.9575	133.245833	-23.846111	133.454167	24540.8756482924	0.111388999999999	X06	X08	0
X06b	X08u	0.6808	0.5408	0.7509	0.8383	0.3093	-23.9575	133.245833	-23.845833	133.453611	24507.4932675427	0.111667000000001	X06	X08	0
X06b	X10b	0.9207	0.845	0.9444	0.9698	0.4266	-23.9575	133.245833	-23.768056	133.626111	44052.6571096158	0.189443999999998	X06	X10	0
X06b	X10u	0.6458	0.5016	0.7152	0.8103	0.2925	-23.9575	133.245833	-23.768333	133.626389	44062.9257552787	0.189167000000001	X06	X10	0
X06b	X11b1	0.1097	0.0914	0.1196	0.1933	0.0016	-23.9575	133.245833	-23.916858	132.735055	52192.2134568117	0.0406419999999983	X06	X11	0
X06b	X11b2	0.3125	0.2116	0.3082	0.429	0.031	-23.9575	133.245833	-23.916858	132.735055	52192.2134568117	0.0406419999999983	X06	X11	0
X06b	X11b3	0.4436	0.2945	0.4013	0.5375	0.0319	-23.9575	133.245833	-23.916858	132.735055	52192.2134568117	0.0406419999999983	X06	X11	0
X06u	X07b	0.8754	0.7677	0.8921	0.939	0.2773	-23.956944	133.245556	-23.907778	133.330833	10248.112130698	0.0491659999999996	X06	X07	0
X06u	X07u	-0.0085	-0.023	-0.0258	-0.05	-2e-04	-23.956944	133.245556	-23.907778	133.330833	10248.112130698	0.0491659999999996	X06	X07	0
X06u	X08b	0.8972	0.8051	0.9149	0.9529	0.3085	-23.956944	133.245556	-23.846111	133.454167	24534.4329926674	0.110833	X06	X08	0
X06u	X08u	-0.1073	0.0181	0.0242	0.0416	NA	-23.956944	133.245556	-23.845833	133.453611	24500.899107703	0.111111000000001	X06	X08	0
X06u	X10b	0.0154	-0.034	-0.0368	-0.0733	-2e-04	-23.956944	133.245556	-23.768056	133.626111	44048.2600446108	0.188887999999999	X06	X10	0
X06u	X10u	-0.0907	0.0314	0.043	0.0721	2e-04	-23.956944	133.245556	-23.768333	133.626389	44058.5907836938	0.188611000000002	X06	X10	0
X06u	X11b1	0.7542	0.6483	0.8208	0.8913	0.2783	-23.956944	133.245556	-23.916858	132.735055	52158.9527333196	0.0400859999999987	X06	X11	0
X06u	X11b2	0.5167	0.4221	0.5901	0.7117	0.1298	-23.956944	133.245556	-23.916858	132.735055	52158.9527333196	0.0400859999999987	X06	X11	0
X06u	X11b3	0.6293	0.5108	0.671	0.7823	0.1339	-23.956944	133.245556	-23.916858	132.735055	52158.9527333196	0.0400859999999987	X06	X11	0
X07b	X07u	0.8644	0.745	0.8816	0.9321	0.2781	-23.907778	133.330833	-23.907778	133.330833	0	0	X07	X07	1
X07b	X08b	0.0294	-0.0166	-0.0199	-0.0371	-3e-04	-23.907778	133.330833	-23.846111	133.454167	14298.1401390658	0.0616669999999999	X07	X08	0
X07b	X08u	0.6713	0.5823	0.8021	0.8749	0.2495	-23.907778	133.330833	-23.845833	133.453611	14263.213338183	0.0619450000000015	X07	X08	0
X07b	X10b	0.897	0.7823	0.8992	0.9434	0.2834	-23.907778	133.330833	-23.768056	133.626111	33829.5239579506	0.139721999999999	X07	X10	0
X07b	X10u	0.647	0.5639	0.7934	0.8679	0.2473	-23.907778	133.330833	-23.768333	133.626389	33840.6708611822	0.139445000000002	X07	X10	0
X07b	X11b1	0.7415	0.661	0.8798	0.9276	0.3945	-23.907778	133.330833	-23.916858	132.735055	60670.7621564922	-0.00908000000000087	X07	X11	0
X07b	X11b2	0.6466	0.5741	0.8285	0.891	0.3274	-23.907778	133.330833	-23.916858	132.735055	60670.7621564922	-0.00908000000000087	X07	X11	0
X07b	X11b3	0.6921	0.6152	0.8464	0.9049	0.3281	-23.907778	133.330833	-23.916858	132.735055	60670.7621564922	-0.00908000000000087	X07	X11	0
X07u	X08b	0.8852	0.7829	0.9052	0.9468	0.3092	-23.907778	133.330833	-23.846111	133.454167	14298.1401390658	0.0616669999999999	X07	X08	0
X07u	X08u	-0.0374	0.0166	0.0226	0.0386	0	-23.907778	133.330833	-23.845833	133.453611	14263.213338183	0.0619450000000015	X07	X08	0
X07u	X10b	0.0223	-0.0155	-0.0172	-0.0333	-1e-04	-23.907778	133.330833	-23.768056	133.626111	33829.5239579506	0.139721999999999	X07	X10	0
X07u	X10u	-0.018	0.0286	0.0398	0.0665	2e-04	-23.907778	133.330833	-23.768333	133.626389	33840.6708611822	0.139445000000002	X07	X10	0
X07u	X11b1	0.7654	0.6185	0.7993	0.876	0.2705	-23.907778	133.330833	-23.916858	132.735055	60670.7621564922	-0.00908000000000087	X07	X11	0
X07u	X11b2	0.5588	0.399	0.5668	0.6904	0.1251	-23.907778	133.330833	-23.916858	132.735055	60670.7621564922	-0.00908000000000087	X07	X11	0
X07u	X11b3	0.6527	0.4802	0.6436	0.7592	0.1294	-23.907778	133.330833	-23.916858	132.735055	60670.7621564922	-0.00908000000000087	X07	X11	0
X08b	X08u	0.7444	0.6287	0.8354	0.8989	0.2879	-23.846111	133.454167	-23.845833	133.453611	64.4689900701702	0.000278000000001555	X08	X08	1
X08b	X10b	0.9096	0.8178	0.9206	0.9563	0.3128	-23.846111	133.454167	-23.768056	133.626111	19538.225982217	0.0780549999999991	X08	X10	0
X08b	X10u	0.728	0.6103	0.8271	0.8926	0.2861	-23.846111	133.454167	-23.768333	133.626389	19550.0808336957	0.0777780000000021	X08	X10	0
X08b	X11b1	0.8104	0.6974	0.8969	0.9393	0.4211	-23.846111	133.454167	-23.916858	132.735055	73655.6668364658	-0.0707470000000008	X08	X11	0
X08b	X11b2	0.7389	0.6165	0.8542	0.9098	0.3654	-23.846111	133.454167	-23.916858	132.735055	73655.6668364658	-0.0707470000000008	X08	X11	0
X08b	X11b3	0.7816	0.6583	0.871	0.9222	0.3646	-23.846111	133.454167	-23.916858	132.735055	73655.6668364658	-0.0707470000000008	X08	X11	0
X08u	X10b	-0.0017	0.0373	0.049	0.0831	6e-04	-23.845833	133.453611	-23.768056	133.626111	19575.5000830005	0.0777769999999975	X08	X10	0
X08u	X10u	-0.2032	-0.0433	-0.0719	-0.1205	-0.0119	-23.845833	133.453611	-23.768333	133.626389	19587.4624908398	0.0775000000000006	X08	X10	0
X08u	X11b1	0.4425	0.3622	0.5684	0.6832	0.1719	-23.845833	133.453611	-23.916858	132.735055	73602.7250052611	-0.0710250000000023	X08	X11	0
X08u	X11b2	0.2036	0.1801	0.3088	0.4143	0.05	-23.845833	133.453611	-23.916858	132.735055	73602.7250052611	-0.0710250000000023	X08	X11	0
X08u	X11b3	0.2498	0.2334	0.3811	0.4982	0.0593	-23.845833	133.453611	-23.916858	132.735055	73602.7250052611	-0.0710250000000023	X08	X11	0
X10b	X10u	0.0248	0.0508	0.0685	0.1135	0.0016	-23.768056	133.626111	-23.768333	133.626389	41.7638278435551	-0.000276999999996974	X10	X10	1
X10b	X11b1	0.808	0.6672	0.8326	0.8996	0.2872	-23.768056	133.626111	-23.916858	132.735055	92260.3030684704	-0.148802	X10	X11	0
X10b	X11b2	0.6096	0.4442	0.6103	0.7302	0.139	-23.768056	133.626111	-23.916858	132.735055	92260.3030684704	-0.148802	X10	X11	0
X10b	X11b3	0.7099	0.5335	0.6897	0.7977	0.1428	-23.768056	133.626111	-23.916858	132.735055	92260.3030684704	-0.148802	X10	X11	0
X10u	X11b1	0.3852	0.3279	0.528	0.6445	0.1588	-23.768333	133.626389	-23.916858	132.735055	92282.6003844181	-0.148525000000003	X10	X11	0
X10u	X11b2	0.1474	0.1553	0.2729	0.3706	0.0424	-23.768333	133.626389	-23.916858	132.735055	92282.6003844181	-0.148525000000003	X10	X11	0
X10u	X11b3	0.198	0.2112	0.3522	0.4652	0.0536	-23.768333	133.626389	-23.916858	132.735055	92282.6003844181	-0.148525000000003	X10	X11	0
X11b1	X11b2	-0.0996	0.0785	0.1306	0.1938	NA	-23.916858	132.735055	-23.916858	132.735055	0	0	X11	X11	1
X11b1	X11b3	-0.0485	0.1341	0.2102	0.3036	0.0042	-23.916858	132.735055	-23.916858	132.735055	0	0	X11	X11	1
X11b2	X11b3	-0.1739	0.0635	0.1108	0.1639	NA	-23.916858	132.735055	-23.916858	132.735055	0	0	X11	X11	1
