pop1	pop2	fst	gst	Gst	GGst	D
X01b	X01u	-0.0095	0.0375	0.0474	0.0818	1e-04
X01b	X02b	0.0014	-0.0445	-0.0482	-0.0971	-4e-04
X01b	X02u	0.0218	-0.0181	-0.0197	-0.0385	-1e-04
X01b	X03b	0.6466	0.5269	0.7177	0.8151	0.2587
X01b	X03u	0.9441	0.8849	0.9635	0.9806	0.4678
X01b	X05b	0.9314	0.8644	0.9541	0.9754	0.445
X01b	X05u	0.9202	0.8491	0.9477	0.9717	0.4373
X01b	X06b	0.9145	0.8377	0.9412	0.968	0.4217
X01b	X06u	0.0028	-0.0413	-0.0449	-0.0899	-3e-04
X01b	X07b	0.8877	0.7734	0.8946	0.9406	0.2796
X01b	X07u	0.0088	-0.0226	-0.0252	-0.0488	-1e-04
X01b	X08b	0.9039	0.8099	0.9168	0.954	0.3095
X01b	X08u	-0.0448	0.0284	0.0376	0.0642	2e-04
X01b	X10b	0.0076	-0.0445	-0.048	-0.0969	-3e-04
X01b	X10u	-0.0208	0.0433	0.0587	0.0978	7e-04
X01b	X11b1	0.7852	0.6585	0.827	0.8957	0.2817
X01b	X11b2	0.5727	0.4374	0.6044	0.7248	0.135
X01b	X11b3	0.6764	0.5238	0.6816	0.791	0.1381
X01u	X02b	0.0351	0.0446	0.0562	0.0965	4e-04
X01u	X02u	-0.1356	0.0261	0.0334	0.0579	1e-04
X01u	X03b	0.4889	0.3989	0.6423	0.7443	0.2347
X01u	X03u	0.8435	0.7381	0.9167	0.9521	0.4494
X01u	X05b	0.8209	0.7122	0.9024	0.943	0.425
X01u	X05u	0.7962	0.6979	0.8951	0.9382	0.4152
X01u	X06b	0.7959	0.6837	0.8857	0.9321	0.401
X01u	X06u	-0.0676	0.0292	0.0372	0.0646	1e-04
X01u	X07b	0.5226	0.4444	0.6379	0.7493	0.1777
X01u	X07u	0.0187	0.0397	0.0515	0.0877	2e-04
X01u	X08b	0.6252	0.4913	0.6828	0.7873	0.2102
X01u	X08u	-0.0555	0.0293	0.0453	0.0725	4e-04
X01u	X10b	0.0323	0.0451	0.0566	0.0973	4e-04
X01u	X10u	-0.0542	0.0348	0.0553	0.0871	6e-04
X01u	X11b1	0.6029	0.5076	0.7498	0.8341	0.2536
X01u	X11b2	0.3891	0.3187	0.5203	0.6362	0.1172
X01u	X11b3	0.4524	0.3777	0.5819	0.6965	0.1196
X02b	X02u	0.0306	-0.0141	-0.0153	-0.0298	0
X02b	X03b	0.6766	0.5299	0.7196	0.8167	0.2595
X02b	X03u	0.9426	0.8833	0.9629	0.9803	0.4673
X02b	X05b	0.9313	0.8631	0.9535	0.975	0.4444
X02b	X05u	0.9215	0.8478	0.9471	0.9714	0.4366
X02b	X06b	0.9164	0.837	0.9407	0.9677	0.4212
X02b	X06u	0.0073	-0.0356	-0.0387	-0.0771	-3e-04
X02b	X07b	0.8915	0.7737	0.8949	0.9408	0.2812
X02b	X07u	0.018	-0.016	-0.0179	-0.0344	-1e-04
X02b	X08b	0.9054	0.8101	0.917	0.9541	0.311
X02b	X08u	-0.001	0.0347	0.0458	0.0777	5e-04
X02b	X10b	0.003	-0.0396	-0.0428	-0.0858	-3e-04
X02b	X10u	0.0275	0.0499	0.0675	0.1118	0.0013
X02b	X11b1	0.8036	0.6599	0.8275	0.8961	0.2824
X02b	X11b2	0.6098	0.441	0.6075	0.7276	0.1366
X02b	X11b3	0.7048	0.526	0.6833	0.7925	0.1397
X02u	X03b	0.5651	0.5022	0.6979	0.7989	0.2483
X02u	X03u	0.937	0.8757	0.9599	0.9786	0.4596
X02u	X05b	0.9222	0.8541	0.9497	0.9729	0.4366
X02u	X05u	0.9059	0.8375	0.9426	0.9688	0.4275
X02u	X06b	0.9017	0.8262	0.9359	0.9649	0.4132
X02u	X06u	-0.0156	-0.0186	-0.0203	-0.0396	NA
X02u	X07b	0.8663	0.7638	0.8899	0.9376	0.2761
X02u	X07u	-0.0111	-0.0118	-0.0132	-0.0253	0
X02u	X08b	0.8928	0.8022	0.9134	0.952	0.3083
X02u	X08u	-0.181	0.0104	0.014	0.0242	0
X02u	X10b	0.0392	-0.0117	-0.0127	-0.0246	0
X02u	X10u	-0.1876	0.0214	0.0296	0.05	1e-04
X02u	X11b1	0.7302	0.6422	0.8161	0.888	0.272
X02u	X11b2	0.4704	0.4163	0.5846	0.7067	0.1249
X02u	X11b3	0.5957	0.5049	0.6652	0.7775	NA
X03b	X03u	0.0486	0.0681	0.0952	0.1529	0.0022
X03b	X05b	0.0324	0.0631	0.0889	0.143	0.0014
X03b	X05u	-0.0594	0.0438	0.0629	0.1022	6e-04
X03b	X06b	-0.0051	0.0446	0.0638	0.1038	6e-04
X03b	X06u	0.6052	0.5136	0.7069	0.8064	0.2525
X03b	X07b	0.682	0.6048	0.8566	0.9106	0.4004
X03b	X07u	0.639	0.4917	0.687	0.7902	0.2459
X03b	X08b	0.7563	0.644	0.877	0.9252	0.4285
X03b	X08u	0.3634	0.266	0.4433	0.5603	0.1592
X03b	X10b	0.6786	0.534	0.7228	0.8193	0.2609
X03b	X10u	0.314	0.2351	0.4025	0.5162	0.1403
X03b	X11b1	-0.2506	-0.004	-0.0065	-0.0106	NA
X03b	X11b2	-0.1179	0.0293	0.0516	0.0786	3e-04
X03b	X11b3	-0.0781	0.0738	0.1234	0.1837	NA
X03u	X05b	0.0126	-0.0165	-0.0183	-0.0354	-1e-04
X03u	X05u	0.0315	0.007	0.0078	0.0147	0
X03u	X06b	0.0138	-0.0084	-0.0094	-0.0179	0
X03u	X06u	0.9395	0.8774	0.9607	0.979	0.4627
X03u	X07b	0.9064	0.803	0.9371	0.9651	0.45
X03u	X07u	0.9192	0.8425	0.9465	0.971	0.451
X03u	X08b	0.9127	0.8253	0.9449	0.9698	0.4605
X03u	X08u	0.7166	0.5821	0.7894	0.8669	0.3462
X03u	X10b	0.9453	0.8884	0.9647	0.9813	0.4692
X03u	X10u	0.6838	0.5414	0.7546	0.8408	0.327
X03u	X11b1	0.1885	0.1245	0.1582	0.2514	0.0032
X03u	X11b2	0.3794	0.2518	0.3572	0.4865	0.0411
X03u	X11b3	0.5165	0.3419	0.4525	0.592	0.04
X05b	X05u	0.0175	0.0071	0.008	0.015	0
X05b	X06b	0.0067	0.0027	0.003	0.0057	0
X05b	X06u	0.9252	0.8563	0.9508	0.9735	0.4393
X05b	X07b	0.8923	0.7879	0.9318	0.9618	0.4489
X05b	X07u	0.9073	0.8225	0.9359	0.9648	0.4285
X05b	X08b	0.9041	0.8128	0.9409	0.9674	0.4615
X05b	X08u	0.7027	0.5645	0.7726	0.8546	0.327
X05b	X10b	0.934	0.8683	0.9556	0.9762	0.4465
X05b	X10u	0.669	0.5244	0.7372	0.8276	0.309
X05b	X11b1	0.1636	0.1135	0.1461	0.2332	0.0025
X05b	X11b2	0.3596	0.2372	0.3397	0.4663	0.0364
X05b	X11b3	0.4888	0.3219	0.4312	0.5697	0.0362
X05u	X06b	-0.0045	0.0019	0.0022	0.004	0
X05u	X06u	0.9115	0.8402	0.944	0.9695	0.431
X05u	X07b	0.8734	0.775	0.927	0.9589	0.4424
X05u	X07u	0.8938	0.8061	0.9284	0.9604	0.4203
X05u	X08b	0.891	0.8002	0.9365	0.9647	0.4569
X05u	X08u	0.6575	0.5436	0.757	0.8426	0.3168
X05u	X10b	0.9246	0.853	0.9492	0.9726	0.4387
X05u	X10u	0.6153	0.5031	0.7204	0.814	0.2984
X05u	X11b1	0.0653	0.0946	0.1236	0.1994	0.0016
X05u	X11b2	0.269	0.2137	0.3116	0.4328	0.0304
X05u	X11b3	0.401	0.2962	0.4037	0.5399	0.0315
X06b	X06u	0.9064	0.8291	0.9373	0.9657	0.4158
X06b	X07b	0.875	0.7701	0.9264	0.9584	0.4506
X06b	X07u	0.8914	0.7963	0.9216	0.9564	0.4056
X06b	X08b	0.8925	0.7973	0.9367	0.9648	0.4655
X06b	X08u	0.6797	0.5392	0.7491	0.837	0.307
X06b	X10b	0.9191	0.842	0.9429	0.969	0.4232
X06b	X10u	0.6444	0.4996	0.7127	0.8084	0.2895
X06b	X11b1	0.1134	0.092	0.1205	0.1946	0.0017
X06b	X11b2	0.3141	0.2112	0.3074	0.4282	0.0304
X06b	X11b3	0.4419	0.2925	0.3988	0.5349	0.0315
X06u	X07b	0.8738	0.7646	0.8904	0.9379	0.2761
X06u	X07u	-0.0073	-0.0237	-0.0266	-0.0516	-2e-04
X06u	X08b	0.8959	0.8024	0.9136	0.952	0.3072
X06u	X08u	-0.1069	0.0176	0.0235	0.0404	NA
X06u	X10b	0.0147	-0.0352	-0.0382	-0.0761	-2e-04
X06u	X10u	-0.0888	0.0319	0.0438	0.0733	2e-04
X06u	X11b1	0.7534	0.6464	0.819	0.8901	0.2753
X06u	X11b2	0.5185	0.4228	0.5906	0.7122	0.1287
X06u	X11b3	0.6286	0.5091	0.6691	0.7808	0.1322
X07b	X07u	0.8629	0.7422	0.88	0.9311	0.2768
X07b	X08b	0.03	-0.0169	-0.0203	-0.0379	-3e-04
X07b	X08u	0.6701	0.5802	0.8007	0.8739	0.2487
X07b	X10b	0.8951	0.7788	0.8974	0.9423	0.2822
X07b	X10u	0.6458	0.562	0.792	0.8669	0.2465
X07b	X11b1	0.7388	0.6579	0.8777	0.9262	0.3908
X07b	X11b2	0.6461	0.573	0.8274	0.8902	0.3257
X07b	X11b3	0.6893	0.612	0.8435	0.9029	0.3236
X07u	X08b	0.8838	0.7803	0.9038	0.946	0.3078
X07u	X08u	-0.0365	0.0166	0.0226	0.0385	0
X07u	X10b	0.0227	-0.0157	-0.0174	-0.0336	-1e-04
X07u	X10u	-0.0157	0.0294	0.0409	0.0683	2e-04
X07u	X11b1	0.7641	0.6166	0.7976	0.8748	0.2679
X07u	X11b2	0.5605	0.4002	0.568	0.6915	0.1244
X07u	X11b3	0.6515	0.4789	0.6422	0.7581	0.1283
X08b	X08u	0.7433	0.6269	0.8342	0.8981	0.2871
X08b	X10b	0.908	0.8149	0.9192	0.9555	0.3117
X08b	X10u	0.7271	0.6087	0.8262	0.892	0.2855
X08b	X11b1	0.8087	0.6947	0.8952	0.9381	0.4172
X08b	X11b2	0.7392	0.6163	0.8537	0.9095	0.364
X08b	X11b3	0.7801	0.6559	0.8689	0.9208	0.3604
X08u	X10b	-0.0021	0.0366	0.0481	0.0817	6e-04
X08u	X10u	-0.2019	-0.0429	-0.0712	-0.1192	-0.0112
X08u	X11b1	0.4408	0.3609	0.5665	0.6814	0.1699
X08u	X11b2	0.2054	0.1813	0.3103	0.4162	0.0498
X08u	X11b3	0.249	0.2329	0.38	0.4971	0.0586
X10b	X10u	0.0261	0.0514	0.0693	0.1148	0.0015
X10b	X11b1	0.8065	0.6648	0.8306	0.8982	0.2842
X10b	X11b2	0.611	0.4448	0.6108	0.7306	0.1379
X10b	X11b3	0.7085	0.5316	0.6878	0.7961	0.1412
X10u	X11b1	0.3819	0.3257	0.5248	0.6416	0.1564
X10u	X11b2	0.148	0.156	0.2736	0.3716	0.042
X10u	X11b3	0.1965	0.2105	0.3509	0.4638	0.0527
X11b1	X11b2	-0.1011	0.0781	0.1298	0.1928	NA
X11b1	X11b3	-0.0523	0.1331	0.2087	0.3017	NA
X11b2	X11b3	-0.1736	0.0651	0.1133	0.1675	NA
