SNP	PC
13	0
14	0
26	0
32	0
34	2
46	1
50	1
51	0
54	1
61	0
63	2
69	2
71	1
72	1
75	2
77	2
88	0
92	1
100	1
132	1
133	1
138	1
166	1
167	1
184	1
193	1
213	1
214	1
221	0
222	2
223	1
234	0
237	2
238	0
247	1
257	0
259	0
261	2
266	0
267	1
271	1
275	1
276	2
278	1
287	2
289	1
291	2
292	1
293	0
302	0
307	1
309	0
310	1
325	0
330	1
336	2
344	2
353	0
357	2
363	1
368	1
383	1
384	1
386	1
392	0
410	1
415	1
416	2
421	1
423	0
430	2
433	1
438	1
439	2
441	1
446	1
454	2
458	1
459	1
463	1
465	2
470	1
474	2
480	1
482	2
483	1
484	0
491	1
504	1
506	0
508	2
518	1
519	1
522	2
531	1
535	2
536	2
542	1
547	1
554	1
556	1
565	1
567	1
569	1
573	2
579	1
580	1
583	0
584	2
595	1
597	1
598	2
599	1
601	1
605	1
611	2
613	2
615	1
617	1
621	0
625	0
628	2
630	1
631	1
633	0
639	1
645	0
647	2
648	2
653	1
656	1
660	1
663	1
667	1
670	1
671	0
680	1
685	0
692	2
695	2
705	1
710	1
714	2
723	2
734	2
740	0
750	0
759	1
761	2
766	0
768	2
776	0
778	1
784	1
787	1
791	1
798	2
800	1
805	1
806	1
812	1
813	2
816	2
818	1
823	1
827	1
828	1
829	1
831	2
835	1
836	1
837	1
838	2
840	1
845	1
850	1
852	2
854	1
863	1
869	1
870	0
873	1
876	1
887	1
894	1
902	1
909	1
910	1
912	1
918	0
922	3
925	1
928	2
929	1
935	1
942	2
944	1
946	1
947	1
948	0
951	1
952	0
957	1
962	1
963	1
964	2
972	0
974	2
975	2
981	1
986	0
996	0
999	1
1001	1
1003	0
1021	2
1022	0
1037	1
1038	0
1041	0
1049	1
1056	1
1058	0
1063	1
1069	1
1071	1
1073	1
1076	1
1079	1
1085	1
1087	1
1091	2
1092	1
1098	1
1100	1
1101	1
1111	1
1115	1
1117	2
1120	2
1121	1
1123	2
1128	1
1129	2
1130	1
1143	2
1144	1
1149	1
1150	1
1152	0
1153	1
1158	1
1159	2
1162	2
1165	1
1166	1
1185	1
1186	2
1190	1
1192	1
1195	1
1214	0
1220	1
1221	1
1231	1
1238	1
1243	1
1244	1
1254	2
1270	1
1279	1
1280	1
1285	1
1286	1
1289	1
1290	1
1297	1
1299	3
1300	0
1302	1
1304	1
1308	2
1311	1
1316	2
1318	1
1319	0
1321	3
1335	2
1337	1
1338	2
1348	2
1354	1
1357	1
1366	1
1368	1
1373	2
1375	1
1376	2
1377	1
1378	1
1381	2
1386	2
1388	1
1391	1
1395	1
1400	2
1412	2
1413	2
1419	1
1421	1
1432	0
1435	1
1437	2
1439	1
1443	1
1446	1
1451	1
1462	0
1464	1
1467	1
1472	1
1480	1
1482	2
1492	1
1494	2
1504	1
1505	2
1506	1
1509	1
1510	1
1513	1
1522	2
1526	0
1527	0
1532	2
1544	1
1559	1
1565	0
1567	0
1575	1
1581	2
1583	1
1591	1
1592	1
1594	1
1596	1
1597	2
1607	2
1614	2
1615	0
1625	0
1628	1
1629	2
1634	1
1635	0
1645	0
1648	2
1649	1
1652	1
1656	2
1668	1
1671	1
1679	2
1688	1
1690	0
1692	1
1693	2
1695	0
1700	1
1708	1
1722	1
1736	2
1738	1
1740	1
1748	1
1754	1
1756	1
1779	1
1785	2
1790	1
1794	1
1827	1
1834	0
1838	1
1841	1
1848	1
1849	1
1853	1
1854	0
1855	2
1859	1
1861	1
1863	1
1871	0
1874	2
1876	0
1879	1
1880	1
1881	0
1883	2
1896	2
1903	1
1911	1
1915	1
1923	2
1924	2
1929	1
1930	1
1931	1
1936	0
1937	1
1943	1
1949	1
1950	0
1951	1
1952	2
1955	1
1960	1
1969	0
1973	1
1980	2
1982	1
1988	1
1996	1
1997	2
1998	2
2000	0
2004	1
2006	2
2010	2
2012	1
2017	0
2020	2
2021	2
2024	1
2026	1
2027	2
2028	1
2029	0
2033	0
2042	2
2043	0
2044	1
2048	0
2049	2
2056	1
2071	2
2074	0
2077	0
2082	1
2085	1
2086	0
2087	1
2092	1
2093	1
2109	1
2111	1
2123	1
2139	1
2140	1
2143	1
2151	1
2154	1
2155	1
2162	2
2167	2
2171	1
2173	0
2180	1
2184	1
2187	1
2189	1
2190	1
2191	1
2194	1
2195	0
2196	1
2201	1
2203	1
2204	1
2214	2
2215	1
2220	1
2222	2
2224	1
2227	2
2231	1
2234	2
2257	1
2258	2
2262	2
2263	1
2266	1
2267	1
2269	1
2270	1
2276	1
2282	1
2284	2
2287	1
2311	2
2315	1
2317	2
2332	1
2333	1
2336	2
2342	2
2343	1
2352	2
2361	1
2363	1
2365	1
2368	1
2378	1
2385	1
2391	2
2394	1
2396	2
2405	1
2406	1
2410	1
2419	1
2421	2
2426	2
2439	0
2447	1
2448	1
2449	2
2454	1
2464	1
2470	1
2476	1
2479	1
2491	2
2496	2
2497	0
2498	2
2499	2
2506	2
2507	2
2509	0
2510	1
2512	1
2513	1
2515	1
2532	1
2535	1
2548	1
2553	0
2555	2
2566	1
2574	2
2576	2
2578	1
2582	1
2587	0
2597	0
2601	2
2603	2
2604	2
2605	2
2606	0
2610	2
2613	0
2615	2
2619	2
2628	1
2629	1
2633	1
2634	0
2643	2
2650	1
2659	1
2665	0
2668	0
2672	1
2674	1
2675	1
2677	1
2681	1
2683	1
2697	2
2698	2
2722	1
2726	1
2727	2
2730	2
2741	1
2745	1
2749	0
2751	1
2755	2
2757	1
2760	1
2763	1
2772	1
2773	1
2774	1
2784	2
2788	0
2790	2
2803	1
2806	1
2812	0
2827	1
2831	0
2832	0
2833	2
2835	2
2836	1
2839	0
2840	1
2856	1
2870	1
2871	2
2872	2
2876	0
2881	1
2891	0
2901	1
2915	3
2916	0
2917	1
2920	1
2922	1
2923	2
2931	1
2932	1
2933	2
2938	1
2943	2
2945	0
2948	1
2950	1
2952	1
2955	1
2957	2
2960	0
2970	1
2973	1
2974	1
2975	2
2977	0
2981	1
2984	2
2991	1
2992	1
2999	2
3000	1
3005	2
3006	2
3007	1
3012	2
3013	2
3017	1
3020	2
3023	1
3026	1
3027	1
3028	0
3041	1
3045	1
3048	0
3057	1
3059	1
3061	1
3067	1
3069	1
3071	2
3074	2
3077	1
3084	0
3087	2
3088	2
3097	1
3099	0
3101	1
3112	1
3123	1
3129	0
3131	1
3139	2
3141	1
3147	1
3150	2
3152	2
3162	1
3163	2
3164	1
3165	1
3172	2
3174	1
3177	2
3184	2
3196	2
3197	1
3198	2
3199	2
3200	1
3201	2
3206	0
3209	0
3214	1
3216	1
3231	0
3233	0
3238	1
3242	0
3243	0
3268	2
3273	0
3275	0
3294	1
3300	2
3301	1
3307	2
3309	1
3311	2
3325	2
3327	0
3334	1
3335	1
3340	2
3346	1
3365	2
3375	2
3382	1
3398	2
3399	1
3401	2
3405	1
3414	2
3421	1
3422	1
3427	1
3435	2
3470	1
3473	1
3474	1
3476	1
3483	2
3517	1
3518	2
3521	2
3528	1
3536	1
3545	2
3549	2
3558	0
3559	2
3565	1
3573	2
3576	0
3579	1
3585	0
3594	0
3595	0
3605	2
3606	1
3613	1
3617	2
3619	1
3622	2
3624	1
3626	1
3629	1
3631	1
3632	1
3633	1
3635	1
3637	2
3642	1
3657	1
3660	1
3667	2
3677	0
3688	1
3692	2
3708	2
3722	1
3727	2
3744	1
3747	1
3754	1
3762	0
3765	2
3766	2
3771	0
3772	1
3783	0
3787	1
3792	0
3794	2
3796	1
3797	2
3801	1
3803	1
3805	1
3811	1
3812	1
3814	1
3819	0
3820	2
3823	2
3824	1
3827	2
3834	1
3836	2
3844	1
3854	2
3855	1
3857	1
3858	2
3859	1
3861	2
3863	1
3865	2
3883	1
3886	0
3889	1
3890	1
3893	2
3896	1
3898	2
3899	1
3901	1
3906	1
3911	0
3920	1
3924	1
3926	1
3932	1
3934	1
3941	3
3944	1
3946	1
3948	2
3952	0
3953	1
3956	1
3960	1
3963	1
3964	2
3971	1
3972	1
3982	1
3983	2
3984	1
3988	0
3999	1
4004	1
4008	2
4010	1
4012	1
4016	0
4025	0
4026	0
4028	1
4035	0
4037	1
4041	2
4042	0
4045	1
4050	0
4051	1
4052	1
4054	1
4055	1
4057	1
4063	1
4065	0
4066	2
4068	1
4077	2
4083	2
4096	1
4098	1
4106	0
4107	1
4117	1
4121	1
4123	1
4126	2
4132	1
4134	2
4136	1
4143	1
4144	1
4145	1
4154	1
4156	1
4159	1
4163	1
4167	1
4176	1
4177	2
4182	1
4185	1
4187	1
4188	1
4189	1
4191	2
4193	2
4195	0
4200	0
4204	1
4205	0
4206	2
4207	1
4208	0
4211	0
4221	1
4225	1
4234	1
4236	0
4242	1
4244	2
4248	0
4250	0
4251	1
4253	1
4255	1
4260	1
4263	1
4266	1
4269	1
4270	0
4271	1
4276	0
4281	0
4283	2
4284	1
4294	1
4299	2
4300	2
4303	1
4309	1
4311	2
4314	1
4316	0
4317	1
4318	0
4321	1
4322	2
4330	0
4333	1
4342	2
4344	2
4352	1
4354	1
4355	2
4359	0
4365	1
4369	1
4371	1
4376	1
4378	1
4383	2
4385	1
4387	1
4389	1
4397	1
4413	1
4424	1
4430	1
4435	1
4440	0
4444	1
4451	1
4454	1
4464	1
4465	1
4470	1
4491	1
4496	2
4497	1
4500	2
4501	1
4503	1
4505	0
4506	1
4507	0
4513	1
4515	1
4518	1
4519	1
4522	2
4524	1
4527	1
4531	2
4533	0
4535	0
4542	1
4544	1
4546	1
4560	1
4565	1
4571	1
4584	2
4591	1
4599	0
4601	0
4605	0
4611	1
4622	1
4623	2
4651	0
4652	1
4655	0
4659	1
4663	1
4664	1
4678	2
4681	1
4687	0
4700	2
4702	1
4711	1
4721	1
4725	1
4726	1
4735	0
4737	0
4740	2
4749	2
4757	1
4760	1
4765	2
4784	1
4797	1
4798	2
4799	2
4801	2
4806	2
4810	1
4812	0
4814	1
4815	1
4821	2
4822	2
4827	1
4830	0
4832	2
4834	1
4836	2
4839	1
4841	1
4848	1
4853	1
4862	2
4867	2
4871	1
4874	1
4875	2
4883	1
4886	2
4888	1
4892	1
4901	2
4905	1
4906	0
4907	1
4914	2
4915	1
4923	1
4929	1
4935	1
4939	1
4942	3
4949	0
4952	1
4964	1
4968	1
4969	2
4970	1
4978	0
4979	2
4980	1
4982	2
4985	1
4988	1
4996	1
4998	1
5004	1
5007	2
5009	2
5010	1
5015	2
5021	2
5025	2
5032	1
5035	1
5039	2
5043	2
5059	1
5070	3
5071	1
5073	0
5081	1
5088	2
5092	1
5100	1
5111	1
5117	1
5125	1
5126	2
5131	1
5135	1
5143	1
5153	2
5154	1
5159	2
5161	2
5167	1
5170	1
5174	0
5176	1
5177	2
5179	1
5185	1
5187	1
5188	2
5192	1
5199	1
5206	1
5209	1
5213	1
5214	0
5215	1
5225	2
5227	1
5229	0
5231	2
5238	1
5239	2
5242	2
5244	2
5247	1
5251	1
5259	1
5260	0
5263	1
5272	1
5277	2
5294	1
5307	1
5309	2
5314	1
5315	1
5325	1
5333	0
5338	2
5341	1
5342	1
5343	1
5358	1
5361	1
5380	2
5385	2
5404	2
5409	2
5410	0
5416	1
5417	2
5420	0
5421	2
5423	1
5427	2
5431	1
5437	1
5441	1
5454	1
5460	2
5466	2
5469	0
5478	1
5482	0
5496	1
5497	2
5505	1
5508	1
5511	1
5517	2
5521	0
5524	1
5526	2
5530	1
5532	1
5534	0
5541	1
5544	1
5552	1
5553	2
5560	1
5568	1
5571	1
5575	2
5581	1
5595	1
5597	1
5598	1
5615	1
5635	1
5636	1
5639	2
5643	1
5645	0
5650	2
5658	1
5659	1
5665	0
5671	2
5680	1
5681	2
5682	2
5685	1
5700	0
5704	1
5706	0
5713	1
5714	1
5718	1
5720	0
5723	2
5741	1
5742	2
5747	0
5751	1
5752	2
5758	1
5762	0
5768	0
5774	1
5775	1
5780	1
5781	0
5788	2
5790	2
5792	1
5796	2
5798	2
5799	1
5801	1
5804	1
5806	1
5807	1
5808	1
5825	0
5827	1
5833	2
5844	0
5845	0
5849	2
5852	2
5853	1
5854	2
5855	1
5858	0
5860	1
5861	2
5869	2
5872	1
5874	2
5883	2
5884	1
5894	1
5903	2
5912	0
5915	1
5921	1
5925	1
5935	1
5948	1
5949	1
5951	1
5959	2
5960	1
5965	2
5968	1
5975	1
5978	1
5984	2
5985	1
5994	1
5998	1
6001	0
6007	0
6012	0
6019	1
6021	1
6024	1
6027	2
6029	1
6030	0
6034	2
6036	1
6038	1
6039	1
6042	1
6043	1
6049	1
6052	1
6059	1
6061	1
6063	1
6073	2
6077	1
6081	1
6083	1
6088	1
6089	1
6096	2
6098	2
6101	1
6105	1
6107	2
6116	1
6140	1
6144	1
6146	2
6147	0
6150	2
6151	1
6153	2
6156	1
6158	1
6159	1
6163	2
6164	2
6165	1
6176	2
6178	2
6187	1
6188	2
6189	1
6192	1
6195	2
6197	1
6199	2
6207	1
6208	1
6214	1
6219	2
6221	2
6224	1
6227	1
6228	1
6230	1
6232	1
6233	1
6237	1
6248	1
6252	3
6259	1
6263	1
6268	1
6274	1
6277	2
6280	1
6283	1
6288	1
6289	1
6291	1
6294	2
6299	1
6309	1
6319	2
6321	1
6322	2
6330	1
6334	1
6336	2
6339	0
6344	0
6353	0
6364	0
6365	2
6366	1
6371	2
6375	1
6376	1
6377	1
6380	1
6381	2
6392	1
6401	1
6405	2
6425	0
6426	1
6433	1
6437	2
6438	1
6454	1
6460	2
6465	1
6474	1
6481	1
6493	1
6496	2
6503	1
6512	1
6520	1
6521	1
6528	2
6533	2
6536	1
6557	1
6558	1
6561	0
6567	2
6570	1
6572	1
6579	1
6588	1
6602	1
6604	1
6608	1
6613	1
6617	2
6618	1
6621	0
6623	2
6626	1
6630	0
6637	2
6641	0
6642	1
6647	0
6651	2
6653	1
6656	0
6667	1
6670	1
6676	1
6677	1
6678	1
6684	2
6685	1
6687	2
6691	2
6692	1
6693	2
6696	1
6699	2
6701	0
6705	1
6709	0
6710	1
6716	1
6723	1
6726	2
6728	1
6731	1
6734	2
6737	1
6738	1
6739	1
6744	2
6746	1
6747	2
6748	1
6754	0
6756	1
6758	2
6759	0
6762	1
6763	1
6764	1
6771	1
6777	1
6782	0
6791	1
6807	1
6808	1
6812	1
6815	2
6826	0
6830	1
6840	1
6843	0
6849	1
6854	1
6866	1
6872	0
6875	1
6876	1
6877	2
6880	1
6888	1
6889	1
6892	1
6904	1
6913	0
6915	1
6929	1
6931	1
6944	2
6948	1
6950	1
6954	2
6961	1
6962	1
6976	0
6984	1
6986	2
6988	0
7001	1
7002	1
7009	2
7018	1
7021	1
7026	1
7031	1
7032	1
7033	2
7039	1
7040	1
7050	1
7053	1
7054	2
7059	1
7061	1
7063	2
7070	1
7073	1
7075	1
7088	1
7093	1
7095	0
7107	1
7111	1
7112	2
7116	0
7119	1
7120	1
7124	1
7127	1
7130	1
7131	2
7144	1
7147	1
7160	1
7163	2
7170	2
7171	1
7173	1
7175	0
7176	2
7177	0
7178	1
7179	1
7182	2
7186	1
7192	2
7208	2
7209	1
7218	0
7221	2
7224	1
7225	2
7227	1
7230	0
7231	1
7238	2
7239	1
7240	0
7241	1
7246	1
7249	1
7255	1
7260	2
7262	0
7263	1
7268	2
7269	1
7273	1
7275	1
7276	1
7280	2
7281	1
7283	1
7285	1
7286	1
7292	1
7299	1
7302	1
7303	1
7307	1
7310	0
7315	1
7321	2
7322	0
7323	1
7324	1
7331	0
7332	1
7333	2
7340	1
7347	1
7348	2
7350	1
7353	0
7357	1
7366	2
7373	2
7374	1
7378	1
7379	1
7381	2
7382	2
7385	1
7394	1
7399	1
7402	1
7409	2
7417	1
7433	0
7435	1
7443	1
7445	1
7450	1
7454	1
7457	1
7465	1
7475	1
7478	1
7480	0
7484	2
7486	2
7490	1
7495	1
7497	1
7505	2
7506	1
7513	0
7515	0
7517	1
7518	2
7519	1
7529	1
7531	1
7532	1
7540	1
7546	1
7552	1
7557	2
7558	2
7568	2
7570	2
7580	1
7581	1
7582	0
7583	1
7592	1
7593	1
7595	1
7603	2
7612	1
7615	2
7616	1
7619	1
7630	0
7631	2
7633	2
7636	1
7637	1
7638	1
7647	0
7649	2
7650	0
7655	1
7668	2
7677	1
7678	0
7685	2
7689	1
7690	1
7693	1
7702	2
7704	0
7710	2
7713	1
7714	1
7722	1
7733	1
7738	1
7747	1
7751	0
7755	0
7759	2
7760	2
7762	1
7763	2
7764	1
7772	1
7774	1
7775	0
7781	1
7783	1
7785	2
7787	2
7789	1
7790	1
7794	1
7798	0
7806	2
7808	1
7809	1
7820	1
7827	2
7837	1
7838	0
7844	2
7848	1
7851	1
7852	1
7853	1
7862	2
7863	1
7869	1
7874	2
7876	1
7881	2
7882	1
7889	0
7896	2
7900	1
7901	0
7933	1
7934	1
7940	1
7943	1
7951	0
7968	2
7969	2
7976	1
7979	1
7981	0
7982	2
7985	1
7991	0
7993	2
7999	1
8013	2
8016	2
8023	0
8027	1
8039	2
8043	1
8049	2
8051	1
8052	1
8054	1
8068	1
8069	2
8071	1
8081	0
8082	1
8085	0
8089	2
8090	1
8093	1
8096	1
8102	1
8104	2
8113	2
8114	1
8116	1
8122	1
8130	1
8135	1
8140	0
8141	1
8144	2
8145	2
8157	1
8162	1
8164	1
8166	1
8173	1
8178	2
8184	2
8188	1
8189	0
8190	0
8193	1
8195	0
8197	1
8198	0
8200	1
8203	1
8207	1
8208	1
8212	2
8222	1
8224	1
8226	0
8242	1
8244	1
8247	2
8258	1
8259	1
8261	2
8267	1
8268	2
8273	1
8274	1
8279	1
8281	2
8283	1
8285	1
8286	1
8292	2
8299	1
8330	2
8338	1
8345	1
8350	1
8354	2
8357	2
8365	1
8366	1
8371	1
8372	1
8378	2
8385	0
8406	1
8409	1
8414	1
8415	1
8418	1
8421	2
8424	1
8426	1
8429	2
8431	1
8433	0
8438	1
8441	1
8449	1
8452	2
8453	1
8461	2
8465	2
8469	0
8471	1
8474	1
8475	1
8476	3
8480	1
8483	1
8485	0
8496	1
8502	1
8504	0
8515	1
8517	1
8523	1
8524	2
8532	2
8546	1
8568	1
8573	2
8579	0
8580	2
8583	2
8584	0
8588	2
8591	1
8594	1
8605	2
8608	1
8611	1
8612	1
8615	1
8627	2
8629	1
8632	2
8634	1
8635	2
8642	1
8648	2
8651	2
8654	1
8659	2
8673	1
8676	1
8677	2
8694	1
8699	0
8700	1
8701	0
8702	1
8704	1
8707	1
8712	2
8721	1
8725	0
8731	1
8732	0
8737	1
8747	1
8748	1
8754	2
8755	1
8758	0
8767	1
8777	2
8786	1
8787	1
8789	1
8796	2
8797	0
8799	1
8810	1
8811	2
8814	2
8818	1
8819	1
8825	1
8832	1
8834	1
8836	1
8838	1
8845	0
8854	1
8855	2
8858	1
8860	0
8866	1
8872	2
8874	2
8877	0
8892	1
8893	0
8897	0
8898	2
8902	1
8903	1
8905	1
8907	1
8912	1
8915	1
8917	1
8918	1
8923	1
8926	2
8929	1
8935	0
8947	1
8950	1
8951	1
8952	2
8971	2
8973	1
8974	1
8978	0
8981	0
8984	1
8985	2
8988	1
8990	1
8994	2
8996	0
8997	1
9017	0
9020	0
9026	0
9027	0
9035	1
9041	1
9042	1
9043	1
9045	1
9046	1
9051	2
9053	1
9054	1
9057	2
9059	0
9063	1
9072	0
9083	0
9087	0
9088	2
9092	1
9093	1
9094	1
9099	2
9101	1
9104	1
9105	2
9106	0
9108	1
9111	1
9113	1
9116	1
9119	1
9122	1
9129	2
9132	1
9135	1
9140	2
9141	1
9145	2
9147	1
9149	2
9153	1
9162	1
9164	1
9172	2
9176	1
9183	1
9189	1
9193	1
9197	2
9199	1
9202	0
9203	1
9206	2
9207	1
9211	1
9223	1
9224	2
9225	2
9228	1
9229	2
9235	1
9239	1
9252	1
9262	1
9263	2
9271	0
9275	2
9279	1
9283	1
9291	1
9294	0
9298	1
9299	2
9305	1
9311	1
9313	2
9322	1
9325	2
9341	0
9342	2
9349	1
9352	1
9361	2
9369	1
9374	1
9378	2
9407	0
9422	1
9424	2
9440	2
9457	1
9458	2
9459	1
9467	2
9469	1
9474	1
9476	1
9479	1
9487	1
9494	0
9500	1
9502	0
9504	1
9508	1
9509	1
9513	2
9517	1
9524	1
9526	1
9528	2
9530	2
9531	1
9535	1
9538	1
9543	1
9551	1
9552	1
9553	1
9554	2
9557	2
9564	1
9568	1
9571	1
9572	1
9575	2
9576	1
9578	2
9589	1
9598	1
9607	1
9617	1
9621	1
9626	1
9627	1
9643	1
9646	1
9650	1
9652	1
9659	1
9663	2
9664	2
9665	1
9672	0
9675	2
9676	1
9680	1
9687	1
9690	1
9692	1
9697	2
9698	1
9703	1
9704	1
9706	0
9709	1
9730	1
9736	1
9739	1
9740	1
9742	2
9746	1
9747	1
9761	1
9770	1
9772	1
9775	0
9782	2
9792	1
9795	0
9807	0
9810	2
9813	1
9814	1
9818	0
9824	1
9829	0
9841	1
9844	1
9855	1
9856	2
9865	1
9868	1
9869	1
9870	0
9872	1
9875	1
9878	2
9884	1
9889	0
9894	1
9895	2
9896	2
9898	1
9909	0
9910	1
9917	1
9918	2
9919	0
9927	1
9933	1
9937	0
9944	0
9946	2
9956	1
9963	1
9969	1
9985	1
9987	1
9988	0
9992	1
10005	2
10007	0
10012	2
10015	1
10016	1
10018	0
10023	1
10026	1
10027	2
10028	1
10031	2
10037	1
10041	2
10042	2
10045	0
10057	1
10062	1
10067	0
10075	2
10077	0
10080	0
10084	2
10087	1
10092	1
10094	0
10097	1
10098	1
10100	2
10101	0
10109	1
10110	2
10115	1
10116	0
10120	1
10130	1
10133	2
10135	1
10138	1
10145	1
10147	0
10164	1
10166	2
10169	1
10172	1
10177	1
10179	1
10181	1
10182	1
10190	1
10211	2
10212	1
10223	1
10236	2
10239	2
10263	2
10264	0
10266	1
10274	1
10291	1
10294	2
10295	1
10300	1
10308	0
10326	0
10330	1
10333	2
10345	1
10347	1
10354	0
10356	1
10375	0
10378	0
10379	1
10381	1
10385	1
10386	1
10388	0
10397	1
10399	0
10406	2
10409	1
10411	2
10412	2
10419	0
10420	1
10426	1
10427	0
10429	1
10432	1
10441	1
10444	1
10449	2
10452	2
10453	1
10457	0
10459	1
10467	1
10469	1
10473	1
10474	1
10487	1
10491	2
10492	1
10500	1
10507	1
10510	1
10524	0
10530	1
10531	0
10532	1
10535	2
10536	2
10547	0
10556	1
10559	1
10561	1
10564	1
10565	1
10567	1
10571	1
10575	0
10577	0
10580	1
10586	1
10593	0
10594	2
10595	1
10596	2
10603	2
10610	1
10616	2
10619	1
10628	1
10634	2
10642	0
10663	1
10672	2
10682	2
10684	1
10686	2
10707	1
10709	1
10715	0
10716	1
10722	1
10724	1
10727	1
10729	0
10734	2
10736	1
10742	1
10749	1
10753	1
10757	0
10759	2
10763	2
10765	0
10766	1
10768	2
10772	1
10784	0
10786	1
10787	1
10792	1
10795	1
10802	1
10804	1
10807	1
10810	2
10813	2
10814	2
10817	1
10818	2
10821	2
10822	1
10828	2
10829	1
10831	2
10833	0
10835	1
10841	2
10843	1
10849	1
10862	2
10865	2
10874	1
10875	1
10880	1
10890	2
10891	1
10896	2
10904	1
10908	1
10909	1
10910	2
10913	1
10915	1
10919	1
10930	2
10935	2
10941	0
10944	1
10946	2
10950	1
10959	1
10975	1
10978	1
10990	1
10993	1
10996	0
11009	1
11010	2
11011	0
11019	1
11020	1
11036	2
11043	0
11052	1
11055	1
11059	1
11061	1
11063	0
11078	1
11082	1
11091	2
11096	2
11103	1
11109	2
11113	1
11119	2
11125	1
11129	1
11132	1
11134	1
11136	1
11139	2
11151	2
11152	1
11156	1
11160	1
11171	2
11180	1
11182	0
11183	1
11185	1
11190	1
11197	1
11198	1
11200	0
11212	1
11213	2
11218	1
11223	1
11228	0
11237	0
11243	0
11246	1
11254	1
11260	0
11261	1
11271	1
11276	0
11280	1
11281	0
11282	1
11284	0
11286	2
11298	1
11316	2
11317	1
11326	2
11329	1
11336	2
11341	2
11344	1
11348	2
11352	2
11358	1
11363	1
11364	1
11369	2
11370	2
11371	0
11383	1
11384	2
11389	0
11390	2
11395	0
11396	0
11399	1
11401	2
11406	1
11415	1
11424	1
11426	1
11429	1
11431	2
11435	1
11437	1
11440	0
11443	0
11445	1
11446	1
11452	1
11457	2
11462	1
11467	0
11468	1
11470	1
11471	1
11475	1
11488	1
11494	0
11496	0
11503	1
11504	1
11506	2
11508	1
11515	2
11517	0
11534	1
11539	1
11545	0
11559	0
11568	0
11569	1
11570	1
11572	0
11576	1
11579	1
11585	2
11587	1
11591	1
11592	1
11595	3
11598	2
11599	2
11601	2
11602	0
11605	0
11606	1
11611	1
11616	1
11617	1
11631	0
11633	0
11634	2
11635	1
11641	2
11647	1
11649	1
11658	1
11659	1
11663	0
11669	1
11671	1
11674	1
11675	1
11678	1
11681	1
11682	1
11690	1
11695	1
11699	2
11700	1
11704	2
11711	1
11713	1
11716	1
11718	1
11724	2
11726	0
11740	1
11741	0
11743	1
11747	0
11748	1
11751	1
11759	0
11760	1
11766	1
11769	1
11770	1
11776	1
11777	2
11782	1
11794	1
11795	0
11797	1
11798	1
11802	1
11805	1
11806	2
11808	1
11813	1
11814	2
11820	1
11823	1
11825	1
11827	1
11830	2
11834	1
11848	0
11849	1
11856	1
11874	1
11888	1
11913	1
11916	1
11937	2
11943	1
11944	2
11945	1
11946	1
11950	1
11952	1
11953	1
11966	2
11967	1
11970	1
11988	2
11995	2
11996	1
12006	1
12007	1
12009	1
12013	2
12015	2
12022	1
12027	1
12031	1
12034	2
12037	1
12042	1
12049	1
12050	0
12054	1
12055	1
12057	2
12060	1
12068	1
12076	0
12080	1
12083	1
12099	2
12100	1
12103	2
12104	2
12110	2
12111	2
12116	1
12120	1
12128	0
12129	1
12132	1
12134	0
12136	0
12144	1
12153	0
12155	1
12158	1
12166	1
12167	1
12168	1
12170	1
12176	2
12178	2
12186	1
12192	1
12196	1
12203	1
12206	1
12212	1
12213	2
12218	1
12221	1
12227	2
12228	1
12231	1
12234	1
12242	1
12248	2
12249	2
12251	1
12257	1
12258	1
12260	0
12262	0
12267	1
12269	2
12272	0
12273	1
12279	1
12280	0
12282	0
12294	1
12296	1
12298	1
12301	2
12312	1
12314	1
12320	1
12325	0
12328	1
12332	1
12342	1
12350	1
12351	0
12354	1
12355	1
12364	1
12366	1
12369	1
12376	1
12377	1
12383	1
12389	1
12392	1
12401	1
12402	0
12403	0
12405	2
12407	2
12408	1
12411	2
12414	2
12417	1
12418	1
12419	0
12420	1
12424	0
12425	2
12428	1
12434	1
12436	1
12440	1
12441	2
12442	1
12448	1
12450	1
12454	2
12456	1
12467	2
12473	1
12478	2
12480	1
12482	1
12484	2
12487	1
12490	1
12491	1
12506	2
12510	1
12522	1
12523	1
12528	1
12529	1
12539	2
12540	1
12551	1
12552	2
12555	1
12566	1
12570	1
12576	2
12577	2
12579	1
12580	2
12583	0
12585	0
12587	2
12593	2
12596	1
12602	2
12605	1
12606	1
12615	2
12616	0
12620	1
12621	1
12629	1
12631	1
12633	1
12636	1
12642	1
12644	1
12645	2
12646	1
12662	1
12664	1
12668	1
12669	1
12672	1
12683	1
12684	0
12689	1
12690	1
12698	1
12704	1
12709	2
12710	1
12714	1
12716	1
12717	1
12735	1
12738	0
12746	1
12759	1
12766	2
12767	2
12792	1
12794	0
12800	1
12808	1
12812	0
12816	1
12818	1
12820	2
12823	2
12833	0
12849	1
12852	1
12860	1
12861	1
12867	2
12873	1
12879	1
12882	1
12888	1
12889	1
12890	2
12894	2
12895	2
12899	1
12904	1
12906	2
12913	1
12932	0
12938	1
12940	2
12949	1
12961	1
12963	1
12971	2
12972	1
12980	1
12981	0
12994	2
13013	1
13023	1
13028	1
13031	2
13032	2
13037	1
13045	0
13059	1
13061	1
13064	0
13066	1
13067	0
13068	1
13070	1
13074	1
13083	1
13087	2
13090	1
13092	2
13093	1
13094	2
13095	2
13098	1
13111	0
13115	0
13116	2
13120	0
13121	1
13124	1
13129	1
13132	1
13134	2
13136	1
13137	0
13138	1
13140	1
13141	0
13143	1
13144	2
13152	1
13162	1
13165	2
13166	0
13180	1
13181	2
13193	1
13194	2
13195	0
13197	0
13202	1
13203	1
13204	1
13205	1
13207	1
13209	2
13211	2
13214	2
13217	0
13218	1
13227	1
13228	1
13230	0
13235	1
13237	2
13241	1
13242	0
13243	1
13247	1
13259	1
13262	1
13264	0
13268	0
13272	1
13274	2
13275	0
13278	1
13280	0
13284	1
13288	1
13290	2
13293	1
13294	0
13298	0
13299	1
13301	1
13306	1
13307	1
13309	0
13310	1
13311	1
13312	2
13313	0
13315	1
13325	2
13327	2
13333	1
13335	1
13338	0
13350	2
13351	2
13354	1
13357	2
13358	1
13359	1
13363	1
13364	1
13373	1
13374	1
13378	2
13410	2
13412	1
13417	1
13421	2
13427	1
13429	1
13435	2
13436	2
13437	1
13445	2
13448	2
13449	2
13450	1
13458	1
13465	1
13468	1
13469	1
13476	1
13486	0
13487	1
13495	2
13497	1
13502	1
13509	2
13511	1
13518	1
13524	1
13527	2
13532	2
13534	1
13561	1
13563	1
13568	1
13574	1
13590	1
13604	0
13610	0
13616	2
13618	1
13628	1
13640	1
13644	1
13649	2
13657	1
13660	1
13668	0
13672	0
13673	1
13678	0
13679	2
13685	1
13686	1
13691	1
13695	1
13697	1
13698	1
13699	1
13704	0
13711	0
13721	2
13724	0
13725	1
13738	2
13740	0
13749	1
13751	1
13756	0
13761	1
13767	1
13768	1
13770	1
13779	1
13781	0
13788	1
13802	1
13803	0
13804	2
13808	1
13812	2
13813	2
13828	0
13838	1
13846	1
13848	0
13863	0
13867	1
13873	1
13874	2
13875	1
13882	2
13883	1
13886	2
13893	2
13898	0
13901	1
13912	1
13921	1
13925	1
13931	1
13935	1
13939	2
13946	0
13951	0
13953	1
13958	2
13978	1
13988	1
13989	1
13992	1
13996	1
13998	2
14000	2
14004	1
14014	1
14016	1
14018	0
14028	1
14029	2
14031	2
14032	0
14035	0
14037	1
14044	1
14046	1
14057	1
14058	1
14059	1
14063	1
14067	1
14068	1
14074	1
14078	1
14079	1
14080	2
14081	2
14084	1
14090	1
14091	2
14095	2
14096	2
14098	1
14101	1
14102	1
14104	2
14108	0
14110	1
14113	1
14117	1
14119	2
14123	1
14126	1
14128	1
14131	2
14137	1
14138	1
14143	1
14146	1
14155	1
14160	1
14165	0
14169	2
14170	1
14172	0
14177	1
14179	1
14186	0
14195	0
14197	1
14216	1
14218	0
14221	0
14223	1
14230	0
14233	1
14236	0
14241	1
14251	1
14257	1
14266	1
14267	1
14269	0
14270	2
14271	2
14272	1
14276	1
14278	1
14282	1
14286	1
14287	1
14293	1
14311	0
14324	2
14330	2
14331	0
14334	0
14346	1
14348	2
14349	1
14350	0
14355	0
14356	2
14358	2
14364	1
14367	0
14381	0
14382	1
14387	0
14389	0
14390	1
14402	0
14403	2
14407	0
14409	2
14417	1
14422	0
14429	1
14430	1
14458	2
14473	1
14479	2
14484	1
14485	1
14487	1
14489	0
14494	2
14498	2
14500	1
14502	1
14504	0
14506	1
14507	1
14514	1
14523	1
14524	0
14525	2
14527	1
14529	0
14530	0
14541	2
14543	1
14544	2
14546	1
14553	2
14563	1
14565	1
14570	1
14582	2
14585	2
14588	1
14589	2
14590	2
14591	2
14592	2
14597	1
14609	1
14618	1
14619	2
14621	1
14622	0
14623	1
14643	1
14645	1
14647	2
14650	1
14653	0
14654	0
14660	1
14662	1
14666	2
14672	0
14674	1
14677	1
14682	1
14691	1
14702	1
14704	1
14708	1
14714	1
14716	1
14719	1
14723	2
14724	2
14731	1
14734	1
14737	1
14741	0
14743	1
14765	1
14767	2
14769	2
14770	1
14776	1
14778	2
14783	2
14785	2
14791	1
14793	1
14794	2
14797	1
14799	1
14801	1
14802	1
14805	1
14807	1
14814	2
14815	2
14817	1
14824	1
14825	1
14827	2
14828	1
14836	2
14840	1
14854	1
14857	1
14863	0
14864	0
14868	1
14869	0
14870	1
14871	2
14874	2
14878	1
14888	1
14889	2
14896	1
14898	1
14899	2
14907	0
14910	2
14911	1
14913	0
14924	1
14927	1
14933	1
14938	1
14959	2
14964	1
14967	2
14972	1
14974	1
14977	1
14980	2
14982	0
14984	0
14989	1
14992	1
14998	1
15006	1
15012	2
15017	2
15025	1
15028	1
15034	1
15041	2
15043	1
15047	1
15048	1
15051	1
15055	2
15057	1
15059	1
15067	1
15070	1
15071	1
15074	1
15079	1
15090	0
15094	2
15099	0
15102	1
15109	1
15114	2
15118	2
15122	1
15124	2
15130	1
15131	1
15138	1
15141	1
15144	1
15147	1
15148	1
15149	2
15154	1
15155	2
15159	2
15171	0
15173	1
15180	1
15187	1
15189	1
15194	1
15196	1
15200	1
15202	2
15209	0
15210	1
15223	1
15226	1
15231	1
15233	2
15239	1
15247	1
15250	1
15256	1
15258	1
15260	1
15268	1
15271	1
15272	1
15284	2
15296	1
15308	1
15311	1
15315	0
15323	1
15324	2
15327	2
15333	1
15338	0
15341	2
15343	2
15344	0
15352	0
15354	2
15369	1
15372	1
15374	2
15380	1
15382	1
15384	1
15392	0
15401	1
15404	2
15405	2
15407	0
15409	2
15421	1
15423	1
15428	1
15433	1
15435	1
15449	0
15450	1
15451	1
15452	1
15453	1
15458	2
15465	1
15467	1
15468	1
15469	0
15475	0
15479	1
15480	2
15482	1
15489	2
15492	1
15496	2
15501	1
15502	0
15507	1
15508	1
15510	1
15515	1
15517	1
15519	1
15527	1
15536	2
15548	2
15554	1
15555	1
15556	1
15557	1
15560	1
15565	1
15571	0
15573	1
15575	0
15577	1
15578	2
15579	2
15583	2
15584	0
15585	1
15586	0
15587	2
15588	0
15590	0
15596	2
15598	1
15606	1
15608	1
15611	1
15612	1
15613	1
15616	2
15622	2
15624	1
15638	1
15642	1
15644	1
15645	2
15650	2
15651	1
15653	2
15660	1
15663	2
15666	1
15667	1
15669	1
15670	2
15672	1
15674	0
15677	2
15679	2
15681	1
15689	0
15692	2
15705	2
15708	2
15714	1
15715	2
15719	1
15722	2
15726	2
15727	1
15729	1
15732	1
15733	2
15745	1
15747	1
15751	0
15752	1
15759	1
15760	1
15761	2
15771	1
15776	1
15777	2
15786	1
15793	1
15798	1
15801	1
15802	0
15803	1
15807	2
15808	1
15815	1
15816	1
15830	1
15831	1
15851	2
15853	2
15859	2
15860	1
15862	2
15866	1
15875	1
15882	2
15888	1
15900	1
15916	2
15919	2
15943	2
15944	1
15950	1
15951	1
15952	1
15956	1
15957	1
15972	1
15973	2
15977	1
15981	2
15983	1
15986	1
15996	1
15998	1
16001	1
16005	2
16011	1
16035	1
16044	0
16053	2
16056	1
16057	0
16068	2
16070	2
16072	1
16073	1
16078	2
16086	1
16088	1
16092	1
16103	1
16105	1
16109	0
16116	2
16117	1
16134	1
16136	0
16137	1
16139	1
16140	1
16147	1
16148	1
16151	1
16152	1
16156	0
16168	0
16172	0
16182	1
16192	0
16195	1
16206	0
16209	2
16222	1
16223	0
16227	2
16228	1
16229	1
16233	1
16235	0
16243	1
16244	2
16257	2
16262	1
16264	1
16270	1
16282	1
16283	2
16284	1
16287	1
16291	1
16293	2
16294	1
16295	1
16301	1
16302	1
16309	1
16311	1
16313	2
16315	1
16320	2
16324	2
16327	2
16331	1
16345	2
16346	2
16347	0
16348	1
16352	1
16353	1
16355	1
16356	1
16366	1
16381	1
16382	1
16384	2
16387	2
16393	2
16397	1
16402	1
16411	1
16422	1
16423	1
16424	0
16429	2
16430	0
16438	1
16441	0
16445	1
16447	2
16452	1
16453	1
16455	0
16456	1
16459	2
16461	1
16462	1
16463	0
16465	1
16467	1
16475	1
16476	2
16483	1
16485	1
16486	1
16489	2
16490	0
16491	1
16495	2
16498	1
16499	2
16500	1
16501	1
16504	1
16512	1
16527	1
16535	0
16537	1
16543	1
16544	0
16545	1
16551	1
16553	1
16560	1
16568	1
16580	1
16583	1
16587	1
16594	2
16598	2
16606	1
16608	1
16615	1
16617	1
16618	1
16635	1
16638	1
16641	1
16642	1
16650	1
16654	2
16659	1
16666	2
16670	1
16681	1
16682	2
16695	1
16706	2
16707	1
16754	2
16758	0
16761	1
16764	2
16772	2
16774	1
16785	1
16786	2
16790	1
16796	0
16800	1
16801	2
16803	2
16808	1
16820	2
16824	1
16830	1
16831	1
16840	1
16841	2
16843	1
16845	1
16848	1
16852	1
16859	1
16862	2
16864	2
16867	1
16878	1
16884	1
16892	1
16894	0
16897	2
16902	1
16906	1
16908	1
16911	0
16917	1
16921	1
16931	1
16937	2
16938	1
16940	1
16944	1
16955	2
16957	2
16958	1
16959	1
16961	1
16962	1
16976	1
16978	2
16979	1
16980	1
16987	0
16989	0
16990	1
16991	2
16997	2
17000	1
17004	2
17010	1
17017	1
17020	1
17022	2
17023	2
17028	0
17032	1
17037	1
17040	2
17042	1
17046	0
17047	1
17049	2
17051	2
17058	1
17059	0
17062	0
17073	0
17074	2
17075	2
17077	2
17085	1
17086	1
17089	0
17091	2
17100	0
17101	1
17102	2
17105	0
17106	1
17115	2
17123	1
17125	1
17126	0
17127	1
17133	2
17136	1
17137	1
17148	1
17150	2
17152	1
17164	0
17167	0
17172	1
17177	1
17180	2
17182	1
17184	1
17185	2
17186	1
17187	0
17193	1
17196	1
17197	0
17202	1
17212	2
17213	1
17220	2
17224	0
17231	1
17233	1
17235	0
17237	0
17241	1
17243	1
17244	0
17250	1
17252	2
17258	0
17259	1
17262	1
17263	2
17265	1
17283	1
17285	0
17292	1
17293	2
17294	0
17295	2
17307	1
17309	2
17310	2
17315	1
17324	1
17326	1
17330	1
17352	0
17372	2
17383	1
17384	1
17387	2
17406	1
17409	1
17411	1
17413	1
17416	1
17417	2
17420	1
17423	1
17441	1
17444	0
17450	1
17460	1
17464	1
17465	2
17468	0
17479	1
17485	1
17492	0
17497	2
17500	1
17502	1
17506	1
17512	2
17515	1
17517	1
17535	1
17549	1
17551	1
17558	1
17561	1
17563	1
17567	1
17569	1
17573	1
17599	1
17602	1
17606	2
17611	1
17616	1
17624	2
17625	1
17629	1
17636	2
17647	2
17654	1
17660	1
17666	1
17667	1
17670	1
17681	1
17689	2
17690	1
17693	0
17707	1
17709	1
17712	1
17714	1
17722	0
17723	1
17727	2
17738	1
17746	2
17748	1
17749	0
17757	1
17759	1
17775	2
17780	1
17781	2
17783	1
17790	0
17794	1
17797	2
17798	1
17799	1
17800	1
17802	1
17804	0
17812	1
17818	2
17823	1
17825	0
17829	2
17833	1
17836	1
17839	0
17840	1
17845	1
17846	2
17849	1
17850	1
17858	1
17872	0
17873	2
17877	1
17879	0
17881	2
17886	0
17890	2
17891	1
17892	1
17893	1
17906	1
17916	1
17919	1
17920	1
17928	2
17929	0
17931	1
17932	0
17936	2
17942	1
17944	0
17947	0
17955	1
17956	1
17959	1
17972	1
17974	1
17983	0
17985	0
17991	2
17994	1
17995	1
17999	2
18017	2
18021	1
18026	2
18030	1
18040	1
18047	1
18050	1
18060	1
18066	1
18067	2
18080	1
18086	0
18096	1
18097	2
18099	1
18103	2
18106	1
18116	1
18117	0
18118	1
18127	1
18140	1
18146	1
18152	1
18154	1
18163	2
18164	1
18172	1
18182	2
18183	2
18198	1
18210	1
18211	1
18215	1
18218	1
18221	2
18222	2
18232	1
18238	2
18254	2
18255	2
18263	1
18264	1
18269	1
18271	2
18276	1
18281	0
18288	1
18291	1
18292	2
18295	1
18297	1
18304	1
18318	1
18327	0
18333	1
18337	1
18339	1
18355	2
18365	1
18369	1
18370	1
18376	1
18377	2
18378	0
18390	0
18391	2
18393	0
18394	1
18398	1
18404	2
18415	1
18425	1
18435	2
18436	1
18440	1
18445	1
18448	2
18456	1
18458	1
18461	1
18465	1
18473	1
18474	2
18478	0
18482	1
18484	1
18489	2
18496	1
18499	2
18500	0
18503	2
18505	2
18506	0
18509	1
18513	0
18517	1
18523	2
18524	0
18525	1
18527	2
18531	1
18533	2
18534	2
18537	0
18539	2
18543	1
18546	1
18548	1
18551	1
18553	1
18554	1
18556	1
18557	1
18558	2
18560	2
18562	1
18564	0
18571	1
18572	1
18574	1
18575	2
18577	1
18579	1
18582	0
18584	1
18597	1
18598	1
18600	1
18603	1
18607	2
18611	1
18615	1
18617	2
18621	2
18623	0
18626	2
18628	2
18631	2
18633	2
18639	1
18640	2
18642	1
18643	1
18646	1
18647	1
18649	1
18652	1
18654	1
18655	1
18686	2
18688	2
18721	2
18734	1
18736	1
18737	2
18745	0
18749	1
18751	2
18770	2
18774	0
18792	2
18804	1
18812	1
18816	1
18820	1
18830	1
18845	1
18846	1
18850	1
18851	1
18852	2
18856	1
18865	1
18878	1
18880	2
18882	1
18895	1
18896	1
18921	1
18922	0
18936	1
18961	1
18972	1
18975	0
18980	2
18983	1
18985	1
18987	1
18994	2
18997	1
19001	2
19004	1
19007	0
19014	1
19015	1
19025	1
19029	1
19030	1
19034	0
19036	1
19040	2
19041	1
19042	0
19043	0
19045	1
19048	0
19050	1
19053	1
19056	1
19058	1
19061	1
19073	1
19080	1
19081	1
19082	1
19084	2
19085	1
19088	2
19091	1
19098	1
19099	1
19111	1
19114	1
19115	1
19125	1
19127	0
19131	1
19132	1
19160	2
19164	2
19167	1
19170	1
19173	0
19178	1
19179	2
19181	1
19182	1
19184	2
19185	0
19187	1
19188	0
19194	1
19195	0
19196	1
19198	1
19199	1
19202	1
19208	1
19232	0
19238	1
19239	0
19240	1
19253	1
19259	2
19264	1
19267	0
19270	1
19274	2
19281	0
19285	1
19289	1
19299	1
19300	0
19309	0
19310	1
19313	1
19314	0
19315	1
19318	1
19322	2
19323	1
19328	1
19333	1
19334	1
19336	1
19337	0
19340	2
19341	2
19343	1
19346	1
19349	1
19355	1
19361	2
19362	1
19364	0
19366	2
19368	1
19373	2
19389	1
19398	1
19399	0
19400	1
19402	1
19404	1
19423	2
19425	0
19427	1
19429	1
19431	1
19434	2
19445	1
19452	1
19457	2
19459	2
19463	1
19471	1
19490	2
19508	1
19511	1
19516	1
19521	2
19531	1
19534	1
19540	2
19544	2
19546	1
19552	1
19562	0
19569	1
19579	1
19580	1
19581	0
19582	2
19584	0
19585	2
19588	1
19598	1
19602	1
19607	1
19609	1
19612	1
19613	1
19624	2
19630	1
19633	2
19641	0
19645	0
19648	0
19655	2
19656	0
19657	1
19658	1
19664	0
19668	1
19680	1
19684	0
19688	1
19695	1
19715	2
19725	0
19727	0
19731	0
19740	0
19749	1
19752	0
19769	1
19771	0
19772	2
19774	1
19777	2
19779	1
19782	0
19783	2
19784	0
19786	1
19788	0
19798	2
19802	1
19804	1
19805	1
19809	2
19818	1
19819	1
19820	1
19822	2
19838	1
19840	2
19841	0
19846	1
19849	1
19854	2
19860	2
19864	1
19865	0
19866	1
19870	2
19875	1
19879	2
19882	1
19884	1
19898	1
19902	2
19903	1
19905	1
19910	1
19916	1
19918	0
19919	1
19920	1
19931	1
19933	1
19934	1
19937	1
19938	2
19942	2
19943	1
19958	0
19959	1
19963	2
19971	1
19972	0
19984	1
19987	1
19999	0
20002	0
20006	2
20015	1
20018	0
20019	1
20021	1
20025	2
20030	2
20031	1
20037	0
20049	1
20053	1
20057	2
20060	1
20064	1
20068	1
20072	1
20081	2
20082	1
20087	2
20089	1
20092	2
20099	1
20105	0
20112	1
20123	1
20124	1
20126	1
20131	0
20133	1
20149	1
20158	2
20161	2
20163	1
20166	1
20167	1
20172	1
20173	1
20177	2
20184	2
20185	1
20187	1
20189	1
20195	2
20196	2
20199	1
20202	0
20212	2
20222	1
20231	2
20235	1
20237	1
20240	1
20241	1
20254	2
20271	1
20274	1
20275	2
20278	1
20286	1
20287	1
20294	1
20296	1
20305	0
20310	2
20315	1
20317	1
20318	1
20324	1
20345	2
20363	1
20370	0
20376	1
20377	1
20382	1
20389	1
20393	2
20404	2
20405	0
20407	2
20408	2
20412	1
20417	2
20423	0
20430	1
20432	1
20437	1
20438	1
20441	1
20445	1
20446	2
20452	1
20458	1
20465	1
20467	1
20473	2
20479	1
20481	2
20482	2
20488	1
20490	1
20503	1
20506	1
20507	2
20513	1
20518	1
20522	0
20523	2
20531	1
20533	2
20539	1
20541	1
20547	1
20551	2
20555	1
20557	1
20559	2
20560	2
20563	1
20573	0
20574	1
20578	2
20581	1
20586	1
20599	0
20608	2
20625	1
20630	1
20631	1
20632	2
20653	2
20681	2
20690	1
20694	0
20696	1
20699	0
20700	0
20703	1
20719	1
20726	0
20739	2
20740	1
20746	1
20765	1
20766	1
20772	1
20780	2
20781	1
20782	1
20810	1
20819	1
20822	1
20831	2
20832	1
20839	1
20840	2
20845	1
20846	0
20848	0
20853	2
20858	1
20868	2
20869	1
20874	1
20877	1
20882	1
20886	1
20890	1
20900	1
20912	1
20915	1
20920	1
20926	2
20927	1
20934	1
20939	1
20941	1
20947	1
20956	2
20957	1
20958	2
20967	1
20974	1
20981	1
20982	1
20983	1
20986	1
20996	2
21000	2
21002	1
21009	2
21014	1
21022	2
21026	1
21032	1
21034	1
21041	0
21042	1
21043	1
21046	1
21047	1
21053	1
21055	1
21057	2
21066	0
21067	1
21072	1
21076	1
21083	1
21084	1
21085	1
21092	1
21097	2
21101	1
21102	1
21105	1
21107	0
21112	2
21115	1
21118	2
21120	2
21128	1
21144	1
21145	1
21147	2
21148	1
21152	1
21158	1
21164	1
21170	1
21171	2
21177	0
21188	1
21191	1
21195	1
21197	1
21201	2
21204	1
21207	2
21217	1
21221	1
21229	1
21233	1
21235	1
21237	1
21238	1
21252	2
21254	0
21256	2
21269	2
21271	2
21273	1
21277	1
21291	1
21301	1
21302	0
21304	1
21306	1
21315	2
21327	1
21331	0
21333	0
21341	2
21350	1
21354	1
21356	1
21359	1
21373	1
21376	0
21380	1
21386	1
21387	1
21394	1
21398	1
21406	0
21408	1
21414	1
21417	0
21427	1
21431	2
21432	1
21444	2
21446	1
21454	1
21466	1
21480	0
21485	2
21488	2
21491	0
21493	1
21496	1
21497	2
21498	1
21499	2
21500	1
21509	1
21510	1
21518	1
21519	1
21523	1
21535	0
21536	2
21537	1
21538	2
21545	1
21548	2
21549	1
21550	1
21552	1
21554	1
21557	0
21558	0
21559	1
21568	1
21570	1
21572	0
21582	2
21583	1
21588	1
21590	1
21593	1
21602	1
21607	2
21610	1
21619	1
21621	1
21629	1
21630	1
21631	0
21633	1
21634	1
21635	1
21636	1
21645	0
21646	2
21648	1
21658	0
21660	1
21663	1
21664	1
21665	2
21666	2
21677	1
21686	2
21704	1
21705	1
21709	1
21722	1
21724	1
21725	1
21728	1
21740	2
21743	2
21747	1
21768	0
21772	1
21779	2
21780	1
21797	0
21811	2
21823	1
21826	1
21835	0
21843	2
21848	1
21850	1
21855	1
21862	2
21868	1
21873	1
21874	1
21877	1
21881	2
21884	0
21885	1
21887	1
21892	1
21896	1
21899	2
21901	2
21905	1
21909	2
21913	1
21932	1
21934	1
21936	1
21941	2
21942	1
21943	1
21953	0
21963	1
21976	1
21977	0
21980	2
21985	2
21991	2
21993	2
22003	1
22011	0
22016	1
22019	2
22023	1
22024	2
22026	1
22027	1
22032	1
22037	1
22043	1
22050	1
22052	1
22057	1
22072	0
22074	1
22077	2
22084	1
22085	1
22089	2
22090	0
22093	1
22097	2
22099	1
22103	2
22121	1
22122	1
22133	1
22137	1
22138	2
22145	1
22151	1
22153	1
22156	1
22167	1
22170	1
22181	1
22184	1
22190	0
22191	1
22196	1
22202	2
22216	0
22233	2
22237	1
22239	1
22240	1
22242	1
22245	0
22248	1
22249	1
22250	1
22252	2
22257	1
22266	1
22268	1
22269	2
22275	1
22288	1
22290	2
22312	0
22313	1
22325	1
22326	0
22330	1
22335	1
22349	2
22350	0
22359	1
22373	1
22375	1
22384	2
22387	1
22388	1
22389	1
22390	1
22392	1
22401	1
22411	2
22412	1
22419	0
22420	1
22422	2
22423	1
22426	0
22446	1
22448	0
22458	2
22467	1
22472	1
22478	1
22481	1
22494	2
22497	1
22502	2
22507	0
22510	0
22518	1
22524	1
22526	1
22537	2
22553	2
22565	0
22568	1
22572	0
22579	2
22580	2
22582	2
22584	2
22588	2
22589	0
22591	1
22597	2
22602	2
22603	1
22608	0
22609	2
22612	2
22617	1
22621	1
22624	2
22629	1
22630	1
22634	2
22642	1
22651	2
22653	1
22655	1
22656	2
22661	1
22662	1
22668	2
22675	1
22678	1
22680	1
22685	2
22692	1
22694	1
22695	0
22703	1
22705	1
22712	2
22714	1
22715	1
22723	1
22727	2
22728	1
22733	1
22737	1
22746	2
22750	1
22755	0
22757	2
22758	2
22760	1
22764	1
22768	2
22769	1
22774	1
22776	1
22778	1
22782	1
22783	1
22784	1
22791	1
22795	1
22799	1
22812	0
22814	1
22825	1
22829	1
22831	2
22838	0
22842	1
22858	1
22869	0
22870	1
22876	1
22889	0
22902	1
22909	1
22913	0
22915	2
22920	1
22922	2
22925	1
22932	1
22938	1
22940	1
22947	1
22948	0
22955	2
22960	1
22962	1
22963	0
22964	1
22968	2
22970	1
22971	1
22975	1
22976	1
22977	0
22988	1
22998	1
23002	2
23004	0
23009	1
23019	2
23026	1
23029	1
23033	2
23036	1
23039	0
23046	1
23050	0
23056	1
23061	1
23065	1
23067	2
23071	1
23094	1
23100	1
23109	1
23113	1
23120	1
23123	2
23126	2
23128	1
23133	0
23137	0
23142	0
23150	1
23152	1
23162	0
23170	1
23184	2
23186	1
23188	0
23191	1
23192	1
23195	1
23197	2
23198	2
23199	0
23204	0
23205	2
23207	1
23212	2
23216	1
23226	1
23227	1
23236	1
23238	1
23248	1
23254	1
23258	2
23261	0
23263	1
23269	2
23274	1
23278	1
23279	1
23282	1
23285	2
23286	0
23288	2
23293	2
23294	2
23296	0
23298	1
23300	2
23301	1
23304	1
23310	1
23312	1
23314	0
23322	1
23337	1
23350	1
23354	2
23357	1
23364	2
23367	2
23368	2
23369	2
23370	2
23371	1
23376	1
23381	0
23386	0
23394	1
23400	1
23407	1
23409	2
23410	0
23418	0
23419	2
23432	2
23433	1
23435	2
23438	1
23441	0
23444	1
23450	0
23454	2
23457	2
23459	2
23463	2
23469	1
23485	1
23491	1
23495	1
23500	1
23507	1
23509	1
23510	2
23514	1
23515	1
23516	2
23531	1
23534	0
23544	1
23550	1
23556	1
23565	2
23575	1
23581	2
23590	1
23595	2
23597	2
23598	2
23604	1
23606	1
23608	1
23609	1
23613	1
23617	1
23620	1
23631	0
23633	0
23635	1
23652	1
23660	2
23665	1
23674	0
23676	1
23677	2
23679	0
23681	0
23682	2
23688	1
23689	2
23690	1
23692	1
23700	2
23703	2
23704	2
23713	2
23717	1
23722	0
23724	1
23725	1
23726	1
23732	1
23733	1
23737	2
23742	0
23743	2
23746	2
23748	1
23752	1
23763	1
23783	1
23785	2
23786	1
23788	2
23789	1
23790	1
23791	0
23793	0
23812	0
23814	1
23817	0
23818	1
23821	1
23824	1
23825	2
23843	1
23853	1
23855	2
23859	2
23860	1
23874	2
23877	2
23882	2
23883	2
23884	1
23888	0
23892	1
23894	1
23902	2
23907	1
23908	2
23913	0
23915	1
23920	0
23926	1
23927	0
23934	1
23949	0
23950	1
23958	1
23967	0
23971	2
23972	1
23973	1
23981	1
23983	0
23989	1
24010	0
24019	1
24023	1
24032	1
24033	1
24052	1
24057	1
24059	2
24060	2
24064	2
24066	2
24077	1
24079	1
24083	1
24089	1
24090	1
24091	1
24094	1
24098	1
24111	1
24115	2
24116	1
24121	1
24122	1
24130	2
24139	2
24141	1
24143	1
24148	1
24152	1
24157	1
24165	2
24166	0
24170	2
24171	0
24174	1
24176	1
24179	1
24188	1
24189	0
24193	1
24199	2
24200	1
24201	1
24205	1
24208	2
24213	1
24214	1
24216	1
24217	1
24221	1
24226	1
24228	2
24231	1
24234	0
24236	1
24241	1
24243	2
24247	1
24248	1
24263	2
24265	1
24269	2
24279	1
24280	2
24290	0
24294	1
24296	2
24297	2
24307	1
24308	2
24310	2
24313	1
24338	1
24340	0
24344	1
24345	2
24347	1
24352	1
24354	1
24356	1
24368	1
24382	1
24412	1
24419	1
24423	2
24425	1
24432	1
24433	1
24440	2
24442	1
24446	0
24452	2
24458	1
24466	1
24486	1
24487	2
24492	2
24514	2
24522	1
24525	1
24526	1
24527	1
24528	1
24529	0
24531	1
24541	2
24543	1
24547	2
24551	1
24552	0
24556	1
24559	1
24572	1
24573	1
24575	2
24577	1
24580	1
24589	2
24596	1
24603	1
24609	0
24615	1
24616	1
24619	1
24629	1
24639	2
24649	1
24660	1
24663	0
24667	2
24672	2
24681	0
24685	1
24690	1
24692	2
24693	2
24702	1
24707	0
24710	2
24713	0
24720	1
24724	1
24729	1
24738	1
24749	0
24755	1
24765	1
24772	2
24777	2
24780	1
24791	1
24794	2
24799	1
24813	1
24819	2
24827	1
24834	1
24837	1
24839	2
24840	1
24843	1
24863	2
24864	1
24865	1
24870	1
24872	1
24875	1
24878	1
24888	2
24893	1
24907	1
24909	1
24919	1
24922	2
24933	1
24941	1
24942	1
24948	2
24952	1
24955	2
24968	0
24977	1
24978	1
24983	1
24992	1
24994	1
24995	0
25000	1
25012	1
25014	1
25015	1
25019	1
25030	2
25042	1
25044	1
25045	1
25054	1
25057	1
25058	0
25061	2
25065	1
25072	1
25079	0
25081	1
25083	1
25105	1
25113	2
25116	1
25121	1
25124	1
25131	2
25132	2
25138	1
25142	1
25145	1
25150	1
25152	2
25158	1
25162	0
25163	2
25169	1
25171	1
25176	2
25177	1
25179	1
25184	0
25192	0
25193	2
25201	1
25204	0
25212	1
25219	0
25221	1
25225	1
25226	2
25231	0
25237	1
25239	1
25242	0
25243	1
25252	2
25257	1
25264	1
25268	1
25273	0
25275	1
25284	1
25294	2
25298	1
25305	0
25311	1
25319	1
25325	0
25337	2
25343	0
25351	0
25355	1
25363	0
25376	1
25382	1
25384	1
25385	1
25393	1
25394	1
25395	0
25400	1
25405	2
25414	0
25415	2
25418	0
25419	2
25421	1
25452	1
25461	2
25462	2
25472	1
25491	1
25492	0
25493	2
25494	0
25495	0
25498	1
25501	2
25506	1
25507	1
25508	1
25512	1
25517	1
25518	1
25524	1
25543	1
25546	1
25547	1
25548	1
25558	1
25563	1
25566	2
25569	2
25574	1
25578	1
25584	2
25588	1
25593	1
25606	2
25608	1
25613	1
25615	1
25622	1
25633	1
25636	1
25637	1
25639	1
25642	2
25643	2
25644	0
25647	1
25648	0
25660	1
25669	1
25672	1
25675	1
25679	1
25692	0
25704	1
25706	1
25709	0
25711	1
25722	0
25729	1
25736	0
25744	1
25761	0
25773	1
25788	0
25791	1
25797	1
25801	0
25802	1
25806	1
25809	1
25814	2
25816	0
25817	0
25818	0
25821	0
25826	2
25828	2
25846	0
25847	0
25854	2
25867	2
25878	1
25881	1
25883	2
25885	1
25888	2
25894	2
25898	2
25904	1
25906	1
25907	1
25912	1
25917	1
25928	1
25936	1
25940	0
25950	1
25953	1
25964	0
25966	0
25968	1
25976	2
25982	1
25987	1
25992	0
25993	1
25994	1
25995	0
25999	1
26001	1
26007	1
26025	1
26033	1
26035	1
26055	1
26061	2
26064	1
26068	1
26098	1
26112	1
26123	1
26125	1
26133	2
26135	1
26137	0
26138	1
26143	2
26145	1
26147	1
26149	1
26162	1
26164	1
26170	1
26178	1
26187	1
26189	1
26193	1
26198	1
26201	1
26202	1
26205	1
26217	1
26229	1
26236	1
26237	1
26245	1
26246	1
26257	0
26267	2
26270	0
26271	1
26273	1
26275	1
26282	1
26283	1
26285	1
26288	1
26290	2
26306	2
26309	1
26317	2
26326	1
26327	1
26330	0
26333	2
26340	0
26351	1
26355	1
26356	1
26360	2
26361	1
26375	2
26376	1
26379	2
26380	0
26381	1
26382	1
26384	1
26389	1
26390	1
26396	0
26412	1
26414	1
26416	1
26419	1
26422	1
26431	1
26434	1
26436	1
26437	1
26449	2
26453	0
26460	1
26462	2
26464	1
26474	0
26477	1
26494	0
26508	1
26512	0
26517	1
26518	1
26519	2
26522	2
26534	2
26538	0
26545	1
26549	1
26556	0
26561	2
26562	2
26567	1
26569	1
26570	1
26575	1
26577	1
26582	0
26590	1
26591	1
26593	1
26595	1
26599	0
26601	1
26612	1
26613	1
26614	2
26618	1
26624	2
26628	1
26651	1
26654	1
26666	2
26673	1
26674	0
26678	2
26683	1
26690	1
26692	1
26696	2
26698	1
26705	2
26712	0
26716	2
26718	1
26740	2
26754	2
26756	1
26760	1
26762	1
26767	0
26773	1
26782	2
26784	0
26787	1
26791	1
26821	1
26824	1
26825	2
26826	1
26828	1
26834	2
26835	1
26841	1
26849	2
26857	2
26863	1
26869	1
26871	0
26873	2
26874	1
26882	1
26892	0
26893	1
26898	2
26901	1
26902	1
26905	1
26936	1
26948	0
26953	1
26954	0
26967	1
26968	1
26969	1
26971	1
27000	2
27001	1
27004	1
27009	1
27012	2
27014	1
27018	2
27028	1
27039	1
27043	1
27049	1
27051	2
27074	1
27083	1
27089	1
27091	0
27097	1
27107	0
27113	1
27118	0
27119	2
27123	1
27131	1
27136	1
27144	1
27152	2
27153	1
27154	1
27168	1
27172	0
27175	2
27177	1
27178	0
27186	1
27190	0
27194	1
27196	2
27197	0
27199	1
27203	1
27212	1
27217	1
27221	1
27223	1
27227	1
27229	1
27230	0
27232	1
27233	1
27237	2
27238	1
27245	1
27249	1
27250	1
27251	2
27254	1
27263	1
27271	2
27291	2
27294	0
27314	1
27317	1
27327	2
27332	1
27340	1
27346	2
27349	2
27377	1
27378	2
27379	1
27382	1
27400	1
27402	1
27408	1
27414	1
27427	1
27428	1
27439	1
27441	1
27443	2
27445	2
27460	2
27467	2
27468	2
27470	2
27472	2
27478	2
27493	0
27496	2
27501	1
27504	2
27509	1
27515	0
27529	1
27532	1
27538	1
27541	2
27542	1
27548	1
27559	0
27560	1
27561	1
27569	1
27573	1
27584	1
27588	0
27592	1
27597	1
27615	1
27619	0
27622	2
27629	1
27631	2
27633	1
27644	2
27647	1
27659	0
27668	1
27669	2
27670	1
27673	0
27686	1
27700	1
27708	2
27714	0
27719	1
27732	1
27733	1
27745	1
27765	1
27776	1
27783	2
27789	2
27791	1
27793	2
27800	2
27814	1
27819	1
27820	1
27828	1
27829	1
27834	1
27835	1
27838	1
27855	2
27863	1
27869	1
27874	1
27879	1
27880	0
27889	1
27898	1
27901	1
27909	2
27911	2
27920	1
27922	1
27927	1
27939	2
27945	2
27960	1
27961	1
27964	1
27995	1
27997	1
27999	2
28003	2
28011	2
28012	1
28013	1
28020	1
28023	0
28027	1
28034	2
28050	1
28055	0
28063	1
28076	1
28081	1
28086	1
28098	1
28105	2
28109	1
28114	2
28115	1
28119	1
28124	2
28126	1
28139	2
28155	1
28163	2
28165	1
28167	0
28168	1
28182	0
28187	1
28192	1
28193	1
28210	1
28211	1
28214	1
28220	1
28221	2
28236	1
28239	1
28257	2
28259	1
28268	0
28272	0
28276	1
28284	2
28285	2
28287	2
28301	1
28302	1
28303	1
28306	1
28311	1
28312	1
28314	1
28316	1
28317	1
28336	1
28337	2
28342	1
28343	0
28346	1
28347	1
28348	1
28349	1
28352	1
28354	1
28357	0
28359	1
28367	1
28374	1
28390	1
28401	1
28402	2
28416	1
28418	0
28419	1
28420	2
28425	0
28430	1
28435	1
28437	1
28439	1
28448	1
28449	1
28460	0
28469	0
28471	1
28476	1
28479	2
28487	1
28490	2
28491	1
28498	1
28506	2
28507	1
28508	2
28530	0
28541	1
28544	2
28557	0
28558	1
28578	2
28580	1
28582	0
28583	2
28605	0
28612	2
28613	0
28622	0
28633	1
28634	2
28641	1
28642	1
28648	1
28654	1
28655	1
28657	1
28661	1
28663	2
28668	2
28676	1
28680	1
28681	1
28682	1
28694	0
28699	2
28716	1
28717	0
28732	1
28745	1
28752	2
28763	1
28766	0
28769	1
28771	1
28775	1
28787	1
28788	1
28790	1
28794	0
28799	2
28805	2
28830	0
28836	1
28843	1
28844	1
28845	1
28848	1
28850	1
28851	1
28853	0
28858	1
28860	1
28869	1
28885	1
28888	2
28894	2
28896	1
28899	1
28905	1
28910	2
28911	2
28917	1
28919	1
28921	2
28922	1
28942	1
28943	2
28949	1
28955	1
28965	2
28973	1
28976	1
28977	1
28987	2
28990	0
28997	1
29003	1
29004	1
29006	1
29009	2
29012	2
29016	1
29022	1
29032	1
29045	2
29047	2
29052	1
29059	0
29063	2
29066	1
29068	0
29069	1
29070	1
29075	1
29080	2
29089	2
29090	1
29091	1
29096	2
29101	1
29102	1
29116	1
29120	1
29127	1
29136	1
29146	2
29153	1
29154	1
29156	1
29161	1
29168	0
29173	1
29181	1
29196	1
29206	1
29212	0
29217	1
29222	1
29224	1
29227	0
29230	1
29232	2
29238	1
29246	1
29255	1
29256	0
29259	2
29263	2
29266	1
29276	1
29287	2
29290	1
29293	1
29299	2
29300	1
29308	1
29310	1
29314	1
29316	1
29318	2
29329	1
29336	2
29342	2
29346	1
29367	1
29368	2
29369	1
29379	1
29381	1
29383	2
29386	1
29387	1
29388	1
29392	1
29393	1
29403	1
29407	0
29417	2
29419	2
29421	1
29426	1
29440	2
29444	1
29448	0
29449	2
29453	1
29462	1
29466	0
29473	1
29480	2
29488	0
29489	1
29492	1
29501	0
29503	0
29515	0
29532	2
29537	2
29547	2
29551	2
29556	1
29561	1
29564	1
29565	1
29570	1
29577	1
29582	0
29590	1
29596	2
29601	0
29607	1
29611	2
29619	1
29624	0
29625	1
29628	0
29634	1
29636	2
29642	1
29644	1
29651	1
29654	1
29657	2
29662	1
29664	1
29670	1
29671	1
29673	2
29681	1
29692	1
29704	0
29709	1
29722	1
29729	1
29738	1
29745	1
29756	0
29759	2
29761	1
29775	2
29777	1
29784	0
29786	1
29788	1
29790	1
29791	1
29792	1
29799	1
29800	2
29803	2
29814	0
29824	0
29825	2
29831	1
29835	0
29842	0
29846	0
29848	1
29853	1
29855	2
29865	0
29866	0
29874	1
29877	1
29878	1
29884	0
29886	1
29888	1
29892	1
29897	1
29901	1
29909	1
29914	2
29917	2
29934	2
29940	1
29946	0
29950	2
29951	1
29965	1
29971	1
29972	1
29977	1
29978	1
29979	1
29994	2
29996	1
30001	2
30023	1
30030	1
30050	1
30054	1
30055	1
30057	2
30060	1
30061	1
30062	2
30064	0
30065	0
30067	1
30076	1
30088	2
30092	1
30096	2
30103	1
30109	1
30116	1
30122	1
30124	1
30130	1
30132	1
30144	1
30171	2
30173	1
30175	1
30182	1
30186	1
30188	1
30196	2
30199	1
30202	1
30203	1
30205	2
30206	2
30211	1
30212	2
30214	0
30222	1
30236	0
30237	1
30241	1
30246	1
30247	2
30250	1
30260	1
30261	2
30267	1
30274	2
30276	2
30287	2
30288	0
30289	1
30291	1
30293	1
30294	2
30298	1
30303	1
30305	1
30352	0
30362	1
30371	1
30380	1
30388	0
30390	2
30391	1
30399	1
30401	1
30418	0
30428	1
30431	1
30432	1
30434	1
30452	0
30456	1
30468	0
30471	1
30477	1
30496	1
30501	1
30504	1
30508	2
30511	1
30527	1
30539	2
30540	1
30545	1
30547	1
30557	1
30581	1
30589	0
30605	1
30606	2
30608	2
30614	1
30615	2
30623	1
30624	1
30625	1
30642	1
30643	1
30644	1
30645	0
30646	0
30652	2
30657	1
30692	2
30697	1
30732	1
30735	1
30739	0
30746	2
30748	1
30751	2
30755	1
30759	1
30763	0
30764	0
30769	1
30771	1
30784	1
30787	2
30800	1
30801	0
30805	2
30807	2
30815	2
30817	2
30821	0
30822	1
30827	1
30830	1
30836	1
30840	0
30843	2
30844	1
30853	1
30861	1
30872	2
30875	2
30878	1
30882	1
30896	1
30899	2
30900	2
30904	2
30913	1
30916	2
30931	1
30935	2
30947	2
30949	2
30950	1
30959	0
30960	1
30962	1
30970	1
30971	2
30980	1
30984	0
30989	1
30990	1
31009	2
31010	1
31011	1
31015	0
31016	1
31024	2
31030	1
31039	1
31042	1
31055	2
31057	2
31060	1
31062	0
31081	1
31084	1
31093	0
31094	2
31100	1
31107	1
31121	1
31122	1
31126	1
31130	1
31141	1
31148	1
31151	2
31152	1
31155	1
31164	2
31172	1
31173	1
31188	1
31193	1
31201	2
31202	1
31204	2
31205	0
31210	0
31214	1
31219	0
31220	1
31225	1
31246	2
31249	1
31254	1
31264	2
31265	2
31268	1
31270	2
31282	2
31286	1
31287	0
31288	1
31291	2
31312	1
31315	0
31333	2
31343	1
31345	2
31350	0
31359	1
31361	1
31368	0
31378	1
31379	0
31381	1
31389	2
31391	1
31393	1
31395	2
31402	1
31403	1
31404	0
31409	1
31412	2
31414	2
31416	0
31419	0
31421	0
31426	1
31430	2
31432	1
31437	1
31439	1
31440	1
31447	0
31449	1
31453	1
31467	1
31471	2
31472	2
31473	0
31477	0
31493	1
31497	1
31509	2
31510	1
31516	1
31518	1
31522	2
31525	0
31553	1
31562	2
31568	1
31592	1
31616	1
31617	2
31620	0
31621	1
31628	2
31630	1
31631	1
31638	0
31643	2
31653	1
31664	1
31667	0
31669	1
31671	1
31673	1
31677	1
31680	1
31686	2
31687	1
31698	1
31699	2
31700	1
31704	1
31712	2
31714	1
31718	2
31724	1
31725	1
31730	1
31733	2
31735	2
31737	2
31740	1
31743	2
31744	1
31751	0
31767	1
31774	1
31806	0
31817	0
31818	2
31827	1
31829	1
31844	1
31854	2
31860	1
31872	2
31877	1
31891	1
31901	1
31904	1
31908	0
31917	1
31938	1
31939	1
31940	1
31945	2
31947	0
31948	1
31954	1
31964	1
31967	1
31970	2
31972	1
31981	2
31986	0
32001	1
32008	0
32009	1
32011	2
32017	0
32018	1
32026	0
32030	1
32038	1
32052	2
32055	2
32061	1
32066	1
32068	1
32075	1
32077	0
32093	2
32096	1
32100	1
32116	0
32117	1
32123	1
32125	1
32127	2
32128	1
32138	1
32149	1
32154	1
32166	1
32170	0
32173	2
32176	1
32190	1
32203	1
32205	1
32206	0
32211	2
32215	1
32216	1
32235	1
32238	2
32253	1
32255	1
32257	1
32271	0
32277	1
32280	0
32283	1
32295	1
32303	1
32310	2
32317	2
32320	2
32323	1
32339	1
32340	1
32346	1
32353	0
32356	1
32363	0
32372	1
32376	1
32387	2
32388	1
32394	1
32396	2
32442	2
32443	1
32445	1
32451	1
32453	2
32464	1
32470	1
32475	0
32486	1
32488	2
32492	1
32497	2
32498	1
32507	1
32511	1
32512	2
32514	1
32521	1
32540	2
32549	1
32550	1
32562	0
32572	0
32577	1
32587	0
32593	1
32635	1
32637	2
32642	1
32646	0
32649	1
32653	1
32662	1
32677	1
32683	1
32688	2
32694	1
32701	1
32702	1
32707	1
32720	0
32721	1
32727	1
32735	2
32736	2
32737	1
32746	0
32759	2
32773	0
32775	1
32776	1
32779	0
32785	0
32800	1
32809	1
32819	1
32820	2
32823	1
32825	1
32836	0
32837	1
32842	0
32845	1
32847	1
32854	0
32860	1
32864	1
32880	0
32881	2
32893	1
32895	0
32902	0
32904	1
32915	1
32916	1
32920	1
32929	1
32931	1
32941	2
32944	1
32949	1
32951	2
32957	1
32964	1
32965	1
32966	1
32967	0
32981	0
32982	1
32992	1
32996	1
32998	0
33010	1
33034	1
33048	1
33061	1
33070	2
33076	1
33097	1
33110	1
33114	1
33115	1
33121	0
33132	1
33139	2
33141	0
33144	1
33146	1
33149	2
33153	1
33165	2
33167	2
33171	1
33182	1
33185	1
33189	1
33192	1
33195	0
33196	1
33203	1
33206	1
33215	1
33220	1
33226	1
33256	1
33262	2
33271	1
33283	2
33291	1
33301	1
33306	2
33307	2
33312	2
33314	2
33317	2
33326	1
33328	1
33331	1
33332	1
33340	1
33344	2
33352	1
33357	1
33360	0
33361	1
33380	1
33381	0
33382	1
33383	0
33385	1
33395	1
33399	1
33410	0
33418	1
33428	2
33432	1
33454	1
33458	1
33464	0
33473	1
33477	0
33480	0
33492	1
33504	1
33505	1
33512	2
33515	1
33522	1
33526	2
33529	0
33531	1
33533	1
33534	1
33537	1
33541	1
33551	2
33554	0
33558	1
33560	0
33576	1
33578	1
33583	1
33595	1
33608	1
33622	0
33630	1
33656	1
33674	2
33675	1
33677	1
33698	1
33710	2
33713	1
33715	2
33722	1
33724	1
33727	1
33728	2
33739	1
33767	1
33772	1
33781	2
33782	1
33784	1
33795	1
33797	1
33799	0
33812	0
33818	1
33819	1
33820	1
33821	2
33822	1
33825	1
33835	2
33838	2
33850	0
33853	1
33855	1
33860	1
33862	1
33867	0
33870	1
33873	1
33885	1
33893	1
33895	1
33897	1
33899	1
33909	1
33916	2
33917	1
33919	1
33940	1
33942	1
33953	2
33954	1
33962	2
33965	2
33968	1
33973	2
33979	1
33984	2
33985	1
33986	2
33992	1
33996	1
34003	1
34016	1
34035	1
34039	1
34049	2
34063	1
34079	1
34081	2
34084	1
34085	0
34086	1
34089	1
34093	1
34101	2
34102	1
34103	1
34104	1
34108	1
34109	1
34113	1
34117	1
34126	2
34127	2
34129	1
34132	2
34135	1
34138	1
34139	2
34150	2
34152	1
34153	1
34156	1
34157	1
34160	2
34164	1
34166	1
34169	1
34176	1
34182	1
34184	1
34190	1
34196	1
34210	1
34213	1
34218	1
34225	0
34226	1
34237	1
34257	1
34262	1
34278	1
34288	1
34295	1
34299	1
34303	1
34304	1
34305	1
34306	1
34307	0
34311	1
34317	1
34325	1
34329	1
34333	2
34334	1
34344	0
34345	1
34348	1
34351	0
34357	1
34358	1
34361	1
34378	2
34388	2
34398	1
34400	2
34422	2
34423	2
34437	1
34440	1
34447	2
34450	1
34455	2
34462	1
34465	1
34469	2
34475	1
34480	1
34482	1
34489	1
34497	1
34510	1
34525	1
34529	1
34536	1
34538	1
34545	0
34548	1
34551	1
34553	0
34564	2
34587	0
34592	1
34594	2
34601	1
34605	1
34607	0
34611	0
34616	0
34625	1
34626	0
34643	1
34645	2
34648	1
34676	1
34677	1
34683	0
34685	1
34696	1
34697	1
34699	1
34725	1
34727	2
34736	2
34742	2
34746	1
